-10.0      3.72e-44     -0.054402
 -9.9     2.721e-43     -0.046216
 -9.8     1.951e-42     -0.037396
 -9.7     1.372e-41     -0.028017
 -9.6      9.45e-41     -0.018159
 -9.5     6.382e-40     -0.007911
 -9.4     4.224e-39      0.002636
 -9.3     2.741e-38      0.013382
 -9.2     1.743e-37      0.024227
 -9.1     1.087e-36      0.035066
 -9.0      6.64e-36      0.045791
 -8.9     3.977e-35      0.056294
 -8.8     2.335e-34      0.066468
 -8.7     1.344e-33      0.076203
 -8.6     7.578e-33      0.085395
 -8.5      4.19e-32      0.093940
 -8.4     2.271e-31      0.101738
 -8.3     1.206e-30      0.108695
 -8.2     6.281e-30      0.114723
 -8.1     3.206e-29      0.119739
 -8.0     1.604e-28      0.123670
 -7.9     7.865e-28      0.126448
 -7.8      3.78e-27      0.128018
 -7.7     1.781e-26      0.128334
 -7.6     8.225e-26      0.127358
 -7.5     3.723e-25      0.125067
 -7.4     1.652e-24      0.121447
 -7.3     7.185e-24      0.116498
 -7.2     3.063e-23      0.110232
 -7.1      1.28e-22      0.102672
 -7.0     5.243e-22      0.093855
 -6.9     2.105e-21      0.083832
 -6.8     8.284e-21      0.072664
 -6.7     3.195e-20      0.060425
 -6.6     1.208e-19      0.047203
 -6.5     4.478e-19      0.033095
 -6.4     1.627e-18      0.018211
 -6.3     5.792e-18      0.002669
 -6.2     2.022e-17     -0.013402
 -6.1     6.917e-17     -0.029863
 -6.0      2.32e-16     -0.046569
 -5.9     7.624e-16     -0.063369
 -5.8     2.457e-15     -0.080104
 -5.7     7.758e-15     -0.096611
 -5.6     2.402e-14     -0.112726
 -5.5     7.288e-14     -0.128280
 -5.4     2.168e-13     -0.143105
 -5.3     6.319e-13     -0.157032
 -5.2     1.806e-12     -0.169895
 -5.1     5.058e-12     -0.181532
 -5.0     1.389e-11     -0.191785
 -4.9     3.738e-11     -0.200501
 -4.8      9.86e-11     -0.207534
 -4.7     2.549e-10     -0.212750
 -4.6     6.461e-10     -0.216020
 -4.5     1.605e-09     -0.217229
 -4.4     3.909e-09     -0.216273
 -4.3      9.33e-09     -0.213062
 -4.2     2.183e-08     -0.207518
 -4.1     5.006e-08     -0.199580
 -4.0     1.125e-07     -0.189201
 -3.9      2.48e-07     -0.176350
 -3.8     5.355e-07     -0.161015
 -3.7     1.134e-06     -0.143199
 -3.6     2.353e-06     -0.122922
 -3.5     4.785e-06     -0.100224
 -3.4      9.54e-06     -0.075159
 -3.3     1.864e-05     -0.047802
 -3.2     3.571e-05     -0.018242
 -3.1     6.705e-05      0.013413
 -3.0     0.0001234      0.047040
 -2.9     0.0002226      0.082500
 -2.8     0.0003937      0.119639
 -2.7     0.0006823      0.158289
 -2.6      0.001159      0.198270
 -2.5       0.00193      0.239389
 -2.4      0.003151      0.281443
 -2.3      0.005042      0.324220
 -2.2      0.007907      0.367498
 -2.1       0.01216      0.411052
 -2.0       0.01832      0.454649
 -1.9       0.02705      0.498053
 -1.8       0.03916      0.541026
 -1.7       0.05558      0.583332
 -1.6        0.0773      0.624734
 -1.5        0.1054      0.664997
 -1.4        0.1409      0.703893
 -1.3        0.1845      0.741199
 -1.2        0.2369      0.776699
 -1.1        0.2982      0.810189
 -1.0        0.3679      0.841471
 -0.9        0.4449      0.870363
 -0.8        0.5273      0.896695
 -0.7        0.6126      0.920311
 -0.6        0.6977      0.941071
 -0.5        0.7788      0.958851
 -0.4        0.8521      0.973546
 -0.3        0.9139      0.985067
 -0.2        0.9608      0.993347
 -0.1          0.99      0.998334
  0.0             1      undifined
  0.1          0.99      0.998334
  0.2        0.9608      0.993347
  0.3        0.9139      0.985067
  0.4        0.8521      0.973546
  0.5        0.7788      0.958851
  0.6        0.6977      0.941071
  0.7        0.6126      0.920311
  0.8        0.5273      0.896695
  0.9        0.4449      0.870363
  1.0        0.3679      0.841471
  1.1        0.2982      0.810189
  1.2        0.2369      0.776699
  1.3        0.1845      0.741199
  1.4        0.1409      0.703893
  1.5        0.1054      0.664997
  1.6        0.0773      0.624734
  1.7       0.05558      0.583332
  1.8       0.03916      0.541026
  1.9       0.02705      0.498053
  2.0       0.01832      0.454649
  2.1       0.01216      0.411052
  2.2      0.007907      0.367498
  2.3      0.005042      0.324220
  2.4      0.003151      0.281443
  2.5       0.00193      0.239389
  2.6      0.001159      0.198270
  2.7     0.0006823      0.158289
  2.8     0.0003937      0.119639
  2.9     0.0002226      0.082500
  3.0     0.0001234      0.047040
  3.1     6.705e-05      0.013413
  3.2     3.571e-05     -0.018242
  3.3     1.864e-05     -0.047802
  3.4      9.54e-06     -0.075159
  3.5     4.785e-06     -0.100224
  3.6     2.353e-06     -0.122922
  3.7     1.134e-06     -0.143199
  3.8     5.355e-07     -0.161015
  3.9      2.48e-07     -0.176350
  4.0     1.125e-07     -0.189201
  4.1     5.006e-08     -0.199580
  4.2     2.183e-08     -0.207518
  4.3      9.33e-09     -0.213062
  4.4     3.909e-09     -0.216273
  4.5     1.605e-09     -0.217229
  4.6     6.461e-10     -0.216020
  4.7     2.549e-10     -0.212750
  4.8      9.86e-11     -0.207534
  4.9     3.738e-11     -0.200501
  5.0     1.389e-11     -0.191785
  5.1     5.058e-12     -0.181532
  5.2     1.806e-12     -0.169895
  5.3     6.319e-13     -0.157032
  5.4     2.168e-13     -0.143105
  5.5     7.288e-14     -0.128280
  5.6     2.402e-14     -0.112726
  5.7     7.758e-15     -0.096611
  5.8     2.457e-15     -0.080104
  5.9     7.624e-16     -0.063369
  6.0      2.32e-16     -0.046569
  6.1     6.917e-17     -0.029863
  6.2     2.022e-17     -0.013402
  6.3     5.792e-18      0.002669
  6.4     1.627e-18      0.018211
  6.5     4.478e-19      0.033095
  6.6     1.208e-19      0.047203
  6.7     3.195e-20      0.060425
  6.8     8.284e-21      0.072664
  6.9     2.105e-21      0.083832
  7.0     5.243e-22      0.093855
  7.1      1.28e-22      0.102672
  7.2     3.063e-23      0.110232
  7.3     7.185e-24      0.116498
  7.4     1.652e-24      0.121447
  7.5     3.723e-25      0.125067
  7.6     8.225e-26      0.127358
  7.7     1.781e-26      0.128334
  7.8      3.78e-27      0.128018
  7.9     7.865e-28      0.126448
  8.0     1.604e-28      0.123670
  8.1     3.206e-29      0.119739
  8.2     6.281e-30      0.114723
  8.3     1.206e-30      0.108695
  8.4     2.271e-31      0.101738
  8.5      4.19e-32      0.093940
  8.6     7.578e-33      0.085395
  8.7     1.344e-33      0.076203
  8.8     2.335e-34      0.066468
  8.9     3.977e-35      0.056294
  9.0      6.64e-36      0.045791
  9.1     1.087e-36      0.035066
  9.2     1.743e-37      0.024227
  9.3     2.741e-38      0.013382
  9.4     4.224e-39      0.002636
  9.5     6.382e-40     -0.007911
  9.6      9.45e-41     -0.018159
  9.7     1.372e-41     -0.028017
  9.8     1.951e-42     -0.037396
  9.9     2.721e-43     -0.046216
 10.0      3.72e-44     -0.054402
