         0
    0.0316
    0.0631
    0.0946
    0.1260
    0.1572
    0.1883
    0.2192
    0.2499
    0.2804
    0.3105
    0.3404
    0.3699
    0.3990
    0.4278
    0.4561
    0.4840
    0.5113
    0.5382
    0.5646
    0.5903
    0.6155
    0.6401
    0.6640
    0.6873
    0.7099
    0.7318
    0.7529
    0.7733
    0.7930
    0.8118
    0.8298
    0.8470
    0.8634
    0.8789
    0.8935
    0.9072
    0.9201
    0.9320
    0.9429
    0.9530
    0.9621
    0.9702
    0.9774
    0.9836
    0.9888
    0.9930
    0.9962
    0.9985
    0.9997
    1.0000
    0.9992
    0.9975
    0.9947
    0.9910
    0.9863
    0.9806
    0.9739
    0.9663
    0.9577
    0.9481
    0.9376
    0.9261
    0.9138
    0.9005
    0.8863
    0.8712
    0.8553
    0.8385
    0.8209
    0.8025
    0.7832
    0.7632
    0.7424
    0.7209
    0.6987
    0.6758
    0.6521
    0.6279
    0.6030
    0.5775
    0.5515
    0.5249
    0.4977
    0.4701
    0.4420
    0.4135
    0.3845
    0.3552
    0.3255
    0.2955
    0.2652
    0.2346
    0.2038
    0.1728
    0.1416
    0.1103
    0.0789
    0.0473
    0.0158
   -0.0158
   -0.0473
   -0.0789
   -0.1103
   -0.1416
   -0.1728
   -0.2038
   -0.2346
   -0.2652
   -0.2955
   -0.3255
   -0.3552
   -0.3845
   -0.4135
   -0.4420
   -0.4701
   -0.4977
   -0.5249
   -0.5515
   -0.5775
   -0.6030
   -0.6279
   -0.6521
   -0.6758
   -0.6987
   -0.7209
   -0.7424
   -0.7632
   -0.7832
   -0.8025
   -0.8209
   -0.8385
   -0.8553
   -0.8712
   -0.8863
   -0.9005
   -0.9138
   -0.9261
   -0.9376
   -0.9481
   -0.9577
   -0.9663
   -0.9739
   -0.9806
   -0.9863
   -0.9910
   -0.9947
   -0.9975
   -0.9992
   -1.0000
   -0.9997
   -0.9985
   -0.9962
   -0.9930
   -0.9888
   -0.9836
   -0.9774
   -0.9702
   -0.9621
   -0.9530
   -0.9429
   -0.9320
   -0.9201
   -0.9072
   -0.8935
   -0.8789
   -0.8634
   -0.8470
   -0.8298
   -0.8118
   -0.7930
   -0.7733
   -0.7529
   -0.7318
   -0.7099
   -0.6873
   -0.6640
   -0.6401
   -0.6155
   -0.5903
   -0.5646
   -0.5382
   -0.5113
   -0.4840
   -0.4561
   -0.4278
   -0.3990
   -0.3699
   -0.3404
   -0.3105
   -0.2804
   -0.2499
   -0.2192
   -0.1883
   -0.1572
   -0.1260
   -0.0946
   -0.0631
   -0.0316
   -0.0000
