-33710.465,244.01513,-677.45801,492076.71,-359774.59,-132672.97,6844.858,-6520.4716,757.97164,22119.076,-22984.417,-389.72275,50511.486,-28109.32,-22129.591,12174.469,-12214.48,416.2602,11051.271,-1654043.9,1643147,-1068.7292,-526448.76,527688.25,-331.40023,-52563.211,51684.243,830.8091,-7791.0205,8016.7446,-147.0748,403.18061,-724.84729,-16940.294
63.210593,-153.58781,0.12459325,379.84474,-606.96032,-166.52276,52.242594,4979.3039,-4772.0006,691.23844,-986.06575,-2456.3925,1611.6435,824.87132,-112.02264,637.50515,-549.53606,371.41336,1230.3914,-857.997,-49.664613,-76.489063,2088.1153,-920.53403,-1325.5497,-872.55763,657.00048,1337.3561,-1157.3856,216.13129,-302.66719,-751.69736,-42178.945,41770.926
2640.2944,-2836.0253,46218.12,-46178.775,84607.323,-84950.779,168.46371,109.04429,444.47138,742.9047,-1361.6453,-1133.1088,905.35956,1144.0096,-1009.7447,2106.5194,-2125.6625,394.85913,3492.0004,-3636.7014,351.27756,5.0272123,375.75781,1275.1952,-1832.5192,-1178.6804,698.14652,421.16443,147.95167,32.347047,-215.81908,-245.94825,-24689.441,-13700.138
2318.6131,-3091.5996,189.4705,1569.4799,-2123.2141,4827.6309,-4833.9685,218.75974,352.80441,958.32763,-1532.0087,-855.29978,799.8942,37.658149,-76.814875,2399.8039,-2416.3922,404.65865,3588.4056,-3311.1557,-84.751722,108.4934,-28.87529,770.34529,-1025.4079,-819.40345,-117.00314,853.79577,92.984195,-686.50356,597.57011,-48.996166,-351.79726,17.100982
685.71046,103863.6,-106608.73,-1761.3204,-61.816905,103.04184,-161.6444,6193.6755,-5949.0254,749.08759,-1056.4403,-1967.6498,836.01782,1105.3556,-110.56665,648.74331,-553.08272,379.76742,1224.105,-847.66012,-66.179035,-72.223174,2272.928,-1418.5923,-1025.809,-761.72725,422.02103,120.96255,-4256.415,4399.0795,-12369.966,11613.814,674.91179,-1099.5181
-1209.2069,-28.703706,111.15617,-363.72142,963.94188,-314.9173,1918.8215,-2483.5911,1012.1138,-508.33115,-839.9482,-398.91343,-615.86645,1229.4601,-246.93434,207.11465,79.525634,220.75563,427.56146,-49.676493,530.975,-499.15443,7994.3563,-8048.1519,93.328631,-1063.5791,590.54479,491.16478,-4640.5281,4115.9789,-1392.9257,1551.2829,-181.74329,-3082.8946
-1961.2165,-308.87868,-127.28604,198.89019,46.061143,36.994146,-1129.8646,911.22743,26.246394,196.60558,-505.26395,-521.12972,-216.4155,769.39119,-1113.6539,1223.4292,-77.382162,273.12623,577.67662,-224.43348,599.76048,-637.25255,810.11613,8323.2036,-9170.855,-673.18868,355.36431,407.75745,-3265.2779,-52801.646,55695.987,-5.28674,-18210.876,-47691.933
70.695851,2063.7191,-2336.2793,473.27725,122669.76,-123214.77,196.0491,872.39069,-872.06049,49.892847,-376.68271,-824.21726,499.26549,436.26416,-200.61238,430.52625,-341.06847,322.62355,845.44749,-594.78757,184.65618,-192.90808,777.76333,-407.4044,-446.63979,-386.32947,34.099563,480.94258,-117.52066,-375.27936,183.00707,-3100.4557,-24831.645,27501.083
-2854.5487,-2411.7384,-119.76565,381.06846,-471.32494,51527.158,-51510.421,26200.723,-25605.027,-455.22844,-350.15127,-1317.1684,1175.6762,336.17351,-234.47819,766.93605,-723.45063,359.38314,1035.9439,-790.89447,51.885035,-169.64773,226.8285,-87.289032,-174.22795,-226.76347,-694.57452,-2100.3244,2997.6274,-623.64078,-1364.3642,1618.6926,260.39645,-2040.8661
-381.87515,-1106.0503,7075.8105,-6371.7473,-1259.0393,88.351023,19.053832,367.46351,-128.71234,-183.48274,-427.71869,-1815.6668,1076.5597,821.12097,-203.82272,682.10693,-480.73258,378.66638,799.06826,-441.82613,-50.08207,49.905527,224.31043,-403.06527,-97.742217,-219.29255,-650.81958,-7367.7157,8117.4441,-49.11605,-613.76621,-477.05539,1207.2641,-5394.1281
-50551.149,-10602.764,100602.03,-86119.19,-15852.677,-301.10233,1959.2962,-2086.0428,432.48684,-148.17805,-638.4125,-5665.9844,3582.8606,2306.5852,-1208.1671,1293.8414,-90.081227,356.65266,494.75632,-183.7096,427.6234,-420.77198,7753.1018,-7886.3858,-37.107224,-364.19518,92.664987,-211708.08,203114.69,8647.9009,84.997644,-241.67039,-6734.6036,6954.0019
1285.8669,1417.7254,59515.974,-30007.725,-32982.224,-127.01062,119.46657,-281.21263,879.35079,-311.63295,-942.51206,-620.27305,-636.24093,1518.8829,-255.08757,219.44667,80.198558,233.71937,416.58212,-50.263048,540.17035,-508.26997,23791.298,-23872.025,45.823231,-792.65469,260.3109,71.389474,9.2645177,-283.27887,479.90982,232.65657,-793.533,213.86024
-1445.6791,67.443339,1069.7544,-1103.9487,-1338.9491,749.44109,101.80024,343.84252,480.32872,29986.173,-29462.604,-1804.4752,196.08494,475.1417,-62.679772,-178.32529,323.81129,-102.17482,522.43942,229.35643,-122.2132,22.914604,159.78544,-203.73142,360.37123,-2810.2113,1901.3583,891.53389,-1463.8641,748.40379,255.73095,-212.83127,-408.16129,385.13177
-1035.7938,16.894419,114.61435,4080.6704,-4638.346,402.37184,-168.9508,79.651678,889.55939,-324.7454,-176.6533,-688.02008,-589.49909,743.1432,-53.811516,-9.3787523,183.4318,-87.975868,589.70561,145.18005,-64.73878,-50.348282,849.34577,-648.16631,635.14131,-1710.1401,38.451744,1033.8671,-582.14914,29.593718,96.726964,-1171.9019,1043.9824,-61.036954
-754.59831,-30.774008,5954.3188,-5982.7236,15746.793,67571.134,-83405.992,-46.309199,302.29917,-84.064206,-339.25353,-20.157052,-747.98989,766.2393,-220.91292,252.20713,87.961365,77.465521,518.36308,69.442058,327.66305,-455.63508,205.42999,22950.751,-22806.975,-739.01032,-686.42625,1153.5292,-450.91446,-747.63862,624.30716,203.41968,-4728.4182,4483.9804
524.76856,-830.20391,-163.85927,4859.8943,-538.39868,-3662.5296,586.54168,-1321.587,-723.2986,941.0293,-415.44135,159.09181,-503.62768,489.03034,-1174.6074,1274.3197,-12.773318,196.32635,487.36426,-33.286059,657.2421,-757.56672,876.82579,-915.98438,501.92821,-726.50525,-3613.1419,3793.7769,-823.15159,522.54166,27.842747,-5460.1365,3591.939,1903.3651
-8932.9405,-1837.5423,-212.7931,-15.565746,333.79324,2612.6266,-2492.5183,255.92301,-20133.145,19486.315,-501.69356,264.63603,-228.08577,1513.1246,-1514.7254,432.33215,-134.17734,270.5817,468.65654,-128.93758,289.44202,-347.31673,281.19328,-374.30665,521.71722,-655.57125,-37912.764,37842.849,-594.5525,541.20168,-1969.3755,-4081.1881,6113.7967,43.392777
30269.682,10263.881,-50391.999,-22.704101,123.89434,-0.92317946,2045.8721,-1751.8475,6874.6011,-7325.03,-658.40698,314.97432,-41.649361,173.9858,-562.48317,785.18184,-159.67481,322.95665,406.75146,-95.371917,142.15549,-733.90086,757.62161,-339.13957,398.4602,-519.49709,-4501.8808,3030.7343,1363.9546,-19280.862,18425.829,924.16091,56.055905,-451.35836
4696.6104,-798.98192,-5054.7917,-210.72305,-133.22913,-127.72711,843.6089,-851.76828,7632.9813,-7768.5602,-922.47206,89.349941,-1903.2832,2586.706,-1362.1282,1326.3839,52.045164,359.76843,314.02851,-33.649856,351.19854,-194.76706,531.19204,-844.06585,434.73346,-585.25306,-2890.0518,2522.2153,-1748.4954,1548.2472,259.82866,316.77767,-354.21774,389.18089
15407.073,-17687.42,199151.87,-199404.6,1907.8641,-2271.5338,18.375773,-146.06785,4799.8748,-4706.5028,-1316.3141,-3113.1489,1736.5566,2440.8311,-230.15667,7.9093476,219.43567,360.72848,252.27707,2.7297825,519.23482,-377.04106,2010.3856,-2255.4477,1133.579,-1381.1881,36.011238,-517.90126,175.22925,-3614.7033,3996.2395,-4539.1743,4514.6317,-18.410273
4323.9043,-3796.3798,39591.428,-40307.004,-54.147235,12162.22,-12277.174,-118.2842,2062.2675,-786.59527,-2452.281,-1742.9448,1524.6373,1276.2434,-40.209513,-220.88185,287.57125,248.16092,287.5633,42.261731,104.54461,12.335016,1070.9946,-1235.9517,8559.6704,-9216.3349,-81.41523,-337.89132,755.08097,88.815213,-228.85369,245.97564,-157.8118,109.23035
-4583.7937,9372.6575,-9514.8416,3393.4159,12455.769,-15891.961,-140.02057,-73.596432,672.36075,25144.753,-23720.226,-3209.2336,484.433,541.90812,-52.442586,-188.07887,345.80672,-115.18818,528.81106,227.6976,-125.48646,28.430053,251.02205,-291.13037,21560.973,-25059.704,2512.0969,551.76382,14.444407,341.71392,-29.5235,-787.0541,546.68259,-31.431387
-1240.3256,241.02025,-302.027,22.618619,-993.26409,-886.88396,-6147.9633,11855.175,-3537.4989,-1103.6536,-662.91008,575.64743,652.54979,189.46372,-233.42165,-724.53764,853.30876,110.26459,107.05784,4289.0429,-4006.2575,-132.89933,-5.0517066,-570.3658,943.80637,310.06959,-572.87006,182.60378,-3662.3723,3425.2035,378.20985,-584.73339,15.764042,-560.51983
-1275.3083,354.70355,-379.12697,5.7641039,-1320.2244,-11813.173,5709.9804,7801.0437,-273.31254,498.63297,198.60895,-1576.4116,336.66168,346.02337,-198.00065,-156.29446,369.51369,-576.85014,887.24805,1666.2578,-1542.8504,-20.081247,65.843238,-10412.387,10555.531,254.37218,-609.73341,53.352554,-226.57252,227.42955,689.96722,-872.20853,4.2517637,-331.91261
-597.42551,211178.92,-210587.31,-554.72662,-1179.9968,-3579.5506,4660.6085,667.27363,-535.16184,-340.15443,1848.922,-1890.4734,-321.21128,531.86099,-204.95481,7.5114122,223.48465,-519.11796,935.63806,1051.1479,-1030.4226,-11.396956,1074.6537,-384.47612,1586.1971,-1802.4226,353.49761,-877.98471,-243.10334,88.20763,542.26168,-665.28743,-309.53339,54.422826
-333.59172,5.2861031,2502.2438,1766.4643,-5528.4206,950.30325,343.32355,-215.03426,5.3440773,170.25008,-99.827572,-134.88611,-606.10216,750.60763,-227.53181,58.929574,161.7597,-171.73055,652.84514,725.28509,-701.02611,-40.541966,329.52382,11738.39,-10466.792,-1229.735,437.59322,-940.95798,-184.198,12.002542,1145.3463,-4379.7818,2616.2915,8326.2571
378.25871,-830.85831,-596.80722,55325.832,-52795.614,7507.6795,-9129.7235,-892.95021,7.6837249,524.79459,-529.62486,372.20856,-684.8432,529.17128,-173.89821,293.06642,108.24286,51.49838,467.31415,485.6727,-122.38964,-367.38611,1337.0894,-1314.5432,8840.6777,-8744.0666,186.84047,-614.55948,-50.047363,-763.29185,-270.02758,-1709.8222,3046.6088,-242.00534
15851.107,-16619.856,-549.96609,416.21083,6926.4837,-303.88466,4809.871,-12621.255,1194.5297,28.084521,-945.50684,842.28011,-514.72204,-4615.0575,-643.95853,5743.9399,54.253836,172.74566,367.30453,232.9221,819.22924,-1018.788,515.34708,-655.62426,19940.19,-19881.278,-3.2079441,-430.48148,-70.137296,-51.404106,72.672702,-5745.5402,5866.4505,487.51333
-6612.7807,-678.67486,-665.24051,363.61416,622.64716,751.7617,16069.25,-15564.638,-1961.0161,6.6219279,-1297.3731,1245.8612,-325.28358,186.68226,-4364.7881,4454.9502,48.391465,250.72936,291.31366,82.53445,725.29402,-813.97176,273.72972,-375.66487,3848.4153,-3857.196,-20.256014,-768.57695,-9776.3266,9518.2811,111.91573,786.0039,18.592774,-1687.8058
-356.40372,5011.4265,-4347.1187,-855.64352,200.0851,14.471071,151.68175,436.14395,-975.28225,-47.871933,-1651.2684,1628.8523,-460.58279,401.84378,-2288.2175,2142.7595,238.58916,316.37518,214.01332,68.502501,705.55348,283.40949,-547.15769,-579.97244,1030.6409,-1095.198,-5.9200592,-2946.7449,-319.29303,-735.61295,-4677.5076,8616.7681,-42.252156,39.532178
-11435.744,-3367.6506,874.45221,473.37091,-1081.3925,-141.3683,-88.95664,352.7579,-600.73386,-163.30006,-1930.1166,1718.1302,-16025.917,16317.816,-235.80095,-349.83603,607.8066,388.07597,134.65143,83.148911,433.97741,-140.49929,391.93983,-793.63473,394.3308,-513.34785,72.672222,-186.92233,-8028.4088,3169.979,4428.337,472.6961,28.108741,-166.9749
-6147.4984,757.68165,-1146.5792,-430381.81,430707.24,22497.026,-22915.979,158.96701,-424.3019,-374.21147,-1869.8933,-1596.0868,887.6238,2949.2589,-14.354086,-827.44304,822.72248,470.94786,44.699645,89.336696,110.75889,109.18276,310.23947,-596.70622,143.58852,-343.29932,33786.235,-34146.978,-1236.9236,1591.8762,-712.29068,377.91255,302.46592,34.904487
237.89124,-348.62476,8772.6375,-8556.5579,229.98299,-495.61518,-94.040018,60.044282,-372.18326,-588.08304,-3845.146,164.54581,3206.359,1144.6271,-34.228954,-789.96533,802.82538,512.50968,-32.957337,110.63606,63.382565,94.118236,101.31593,-282.14267,-603.15726,2935.6225,-2715.4465,-6087.9041,4905.2232,1436.241,-108.81776,-1688.7925,1399.8338,276.45879
294.16285,-114.74,139.60838,1242.7866,-1476.5328,9.0474669,-104.28878,35.740531,24.570111,798.7635,-4108.9971,-14387.615,17188.631,301.79017,-61.513656,-641.89785,746.16981,339.26916,15.556473,394.39268,-204.49288,-7.1173169,80.105162,-179.50024,-3606.9086,3170.0463,129.12307,-14385.373,13572.91,1152.4693,-169.59198,-74.204833,-148.7848,130.67225
6552.0515,-27.567834,63.167923,-207.59214,-7.969131,6.0668854,-446.47651,-351.14131,1335.2359,-1017.178,-1539.4155,773.48163,1019.0808,110.32444,-189.92691,-776.44303,979.16534,-39.438838,206.94732,4059.8091,-3797.1277,-150.71367,86.196517,-14540.788,14622.565,-489.03237,473.04704,-4127.9505,3895.4437,1767.8809,-1777.0936,-43.375862,-192.89428,6.7693377
23146.249,-21846.227,-5047.6281,5701.9307,4363645.1,-4366874.4,-2167.9081,116992.99,-122435.84,-92450.454,159654.57,-62369.873,171697.61,-170328.45,-1327.5035,-31161.117,29410.591,2059.2958,2060.2023,31042.338,-32799.743,-1250.6787,-187414.33,188714.98,31464.106,491612.99,-519615.77,-32590.421,28254.169,-2497.7764,-1106708.9,1104038.9,5730.0029,-4011.1945
109.31865,361.11472,-688.50981,44.21397,377.18811,51005.119,-52347.097,-828.57091,383.79309,-750.92482,1048.5214,749.31781,507.1492,442.94242,-896.71025,-9621.3599,9563.7896,230.87907,345.36439,2308.5827,-2209.8055,-362.15529,-2564.2664,2994.0289,2679.9127,-553.10188,-5551.5138,4299.672,-7453.8867,6235.107,-148.5798,-1110.0768,1269.1997,-1465.5168
-402.01299,588.16032,-650.06754,13.122624,-547.32309,-4132.6499,27541.193,-24004.564,25524.336,-24464.378,-195.66528,7608.8484,-7650.3261,844.69643,-810.11108,-615.49274,830.31643,-523.46621,773.3946,1652.8631,-1484.8477,-71.368503,-555.55365,840.5962,1197.2629,-399.2646,-4764.4096,1871.9477,1921.5332,367.8203,-507.08598,454.74158,-631.34861,-1550.5257
-1386.1154,752.01072,1274.986,-2044.6101,-794.26432,-1573.1375,12715.413,-10012.815,-102.85947,-238.61126,19697.671,-19938.247,-193.7806,1737.0438,-1592.8033,33.559711,193.7526,-601.5698,1015.7585,1777.8793,-1769.2121,-35.522322,8014.8101,-7165.4813,2007.4439,-1148.6117,-976.66151,-1888.4241,946.18772,826.96135,-264.48899,711.82038,-1323.7291,-1986.0176
-2222.1887,8.6359587,1189.8285,-905.28922,-1296.1704,410.81836,5989.162,-5371.8835,6481.2997,-5828.4091,-519.7776,-372.9951,-399.1895,9059.3134,-8764.0044,72.729603,147.53334,-279.31646,748.29188,1733.9806,-1761.6825,-11.976792,4406.745,-1895.4351,340.6089,1414.9646,-3647.2017,-1746.2578,859.59,1015.1615,918.47056,460.00875,-2936.7582,-3484.6514
-12429.058,-4.9685797,18408.032,-16842.413,-118163.86,116491.49,5073.877,-5026.4734,-122.54615,12143.951,-12058.648,-89.830395,-630.42716,4911.6397,-4445.751,96.171497,132.14207,-27.593509,507.27072,1245.6731,-1221.9604,-24.320618,4917.2125,-4305.0041,391.33282,26883.113,-27556.661,-1772.1629,1131.2741,-54095.331,48420.236,226426.36,-206187.74,-10548.746
-689.13629,-313.20792,-829.64167,670.8073,7253.2628,-381.45497,9291.5742,-18056.973,1969.3783,-9516.0538,9394.7009,31.038459,-671.22544,-7506.7005,6610.1052,1479.8629,109.53926,113.26704,369.34126,634.26711,23.979866,-591.19268,2273.0994,-2316.6284,781.29945,51926.694,-52624.46,-1955.3374,1522.7489,-4468.0015,4369.6037,3.8906014,1120773.6,-1114039.5
-6657.2175,-28.960609,-900.30579,768.29067,6405.6096,1793.5286,-2080.3472,-425.90859,-5709.6325,-15626.91,15373.5,202.27301,-482.73495,127.56318,-6044.8857,6283.6145,100.62283,204.09876,282.23693,220.00178,3298.0267,-3367.1329,190.63988,-374.62568,483.32503,9513.193,-9980.8092,-2440.0397,1823.6618,-9204.5942,9344.3963,262.36149,24.682393,798.77604
18129.825,-19282.404,916.12723,4.3110283,534.19045,5884.8736,-5857.0433,1135.0341,-1839.2291,-15729.038,15258.899,480.11097,-347.58207,171.35209,-3049.5385,2979.7145,212.9213,280.43246,205.35096,102.04334,7349.6437,-7170.8614,192.88969,-489.26556,202.38192,2785.4919,-3034.5304,-5093.064,-22226.028,12418.12,12682.07,2118.8055,-42.877956,-37.548588
-1105.7492,1033.0558,190.36988,22581.836,-22610.322,5958.7705,-6023.1178,908.99825,-1352.3896,-11495.612,10728.608,859.58373,-1528.4842,1479.5529,-573.21099,30.03298,610.36356,366.60255,114.32251,111.17177,1977.4372,10460.484,-11845.855,-680.58476,13.041604,910.02249,-1014.8372,14618.924,-21827.045,-1361.1865,-17400.143,25903.467,-13.774658,-18805.002
-78010.259,-2837.1738,101.90678,1192.1194,282091.43,-249374.53,-33967.53,595.04459,-1274.1053,-6983.3032,6196.0945,662.26239,-3748.6597,4236.894,-24.173387,-1186.9084,1213.9497,503.42029,-26.449056,135.40067,95.071479,-6329.0737,6809.1996,-644.55223,-113.06178,-227.54702,239.3694,-125.98621,-1626.6166,1270.1872,-2965.4529,-57137.053,60502.023,-31.298142
57.239096,8086.3971,-8101.3789,5330.2147,-5230.1331,0.80149539,-177.0456,361.09566,-1315.9845,-2643.1084,1000.4079,-1615.0578,-77.71897,4013.803,-10.753958,-1780.4538,1757.1538,743.2758,-277.64113,154.42666,65.995572,-15102.203,15411.73,-408.58811,-254.0396,-13825.139,-4920.1596,18626.262,-1115.195,1295.923,-114.42308,-1316.0926,1250.2408,144.55598
-657.02448,1427.3676,19889.622,-6781.9412,-13184.35,68.832783,-81.364322,261.97511,-1241.6568,-891.0512,-554.72685,1442.0995,-26045.768,26781.753,-32.948946,-1917.7283,1931.0008,1004.9592,-594.6488,209.71413,19.009917,-1830.6563,1983.9605,-186.03823,-6454.006,6123.3655,-406.2865,82.583841,-1017.748,1326.2115,105.51935,-1159.6876,31.34468,1082.8621
-8578.5984,19.267603,3593.4128,-3570.2719,-142.86075,59.184653,-72.984169,198.03049,25521.336,-26605.598,-457.47696,941.73844,630.9319,-427.99224,-66.352682,-1727.264,1900.8039,736.53995,-496.67308,806.29716,-583.63317,-892.62663,938.13763,-1355.6246,953.89798,116.47108,-1219.9601,-308.43754,-4130.244,4186.7583,1454.5599,-31.286856,-678.00148,638.12178
-364.77652,89.836399,2058.2444,-2301.0462,-17.997612,96.409391,-6.1911687,-1448.1927,595.73972,-267.70378,-945.49517,1666.4911,1766.0337,-1360.9744,-367.6155,-2910.6118,3034.1382,279.66938,232.57238,7535.1613,-7548.6248,-1016.8411,754.40037,240.91764,865.62252,84.696718,-2388.9477,-6837.6575,-7650.4281,5910.848,9764.1616,-3.4442226,-519.01806,426.57253
-2643.8578,-1153.2328,1650.9328,-1261.8456,1.4283115,12211.068,-11886.128,-775.28098,-2321.956,4641.5027,-34143.094,31969.308,19217.129,-17790.858,-1404.8926,-34480.485,32871.766,1904.7687,2258.8553,19489.389,-21425.618,-1726.4756,-26012.456,27718.125,111520.93,-107493.68,-2231.3557,-4654.4676,2122.9681,-57566.826,57458.601,589.31826,1583.9188,-809.99834
-6733.1388,3006.9217,-3313.9776,2241.8814,-2068.8925,-383.32738,-16676.251,15666.173,2972.3025,-4971.0173,405.83319,2485.1079,3079.4175,-2663.5138,-353.00544,-2135.2357,2256.4337,334.35708,219.45659,9634.4188,-9692.4043,-872.38612,486.27617,457.41884,953.79694,-269.46632,-1266.4618,1496.6099,-1031.9387,-193146.52,192409.43,474.74813,43.45654,-576.13452
4176.4188,-4042.4983,-269.25602,16.587774,-649.49214,322.15376,1878.4176,-2320.727,-147.32492,64.362797,295.11559,1068.3977,-668.84686,-10.874052,-120.07372,-4260.9116,4545.5259,135.32618,71.80985,875.4634,-739.50127,-206.69828,184.89375,912.09848,793.44478,-1517.2414,-882.51104,-3787.1788,12755.823,-6623.8427,-937.18132,-980.33792,19.024537,-216.32162
-94.565448,39.786232,-135.36732,-0.82706325,-354.60008,467.00079,-449.77206,-254.18212,391.73101,500.92585,120.41505,-495.32378,-288.31217,65.202387,0.61595157,-203.9653,402.53054,-8.6003029,370.47577,681.04372,-596.15106,-64.361109,261.07484,29593.106,-27002.222,-4885.1165,1698.1652,-20.95629,547.12898,2518.701,-917.74345,-2022.0665,11.109502,-86.264867
-940.76987,523.95283,-397.68817,-57.041376,-347.62802,-3748.3547,3758.8347,21355.612,-21112.904,-1594.9182,4693.0993,-3323.4857,-269.61093,89.57715,93.503018,71.828086,105.701,-31.49774,511.88686,741.39318,-735.05435,-34.941435,794.00917,4011.1372,-1360.3619,-4720.239,1042.3951,-49.487552,72.179241,3540.9883,-401.54874,-3286.3279,-761.70608,809.24373
-10497.414,1.3838745,385.74189,-79.228107,-510.48095,-480.36094,682.46448,212.47193,-634.24389,427.24275,-536.50869,332.32465,-580.42163,294.78028,107.80497,115.83046,86.889826,47.871099,468.84992,782.13753,-790.13154,-15.464664,1918.8242,4586.312,-4331.3102,-2297.6611,-345.16678,123.54704,77.548521,5553.2789,115204.43,-114789.26,-6141.2209,27.20225
-1023.1501,-45.797006,-80.547854,949.9724,-957.51076,6124.8865,-4917.6789,-1222.7263,-1033.7445,1095.534,-850.28987,722.87451,-788.00242,400.56419,-135.77896,417.46866,81.679683,135.67994,387.92593,601.9489,-334.6868,-247.59397,21168.974,-20789.607,1452.0458,-1860.066,-490.07188,-31.193307,208.72685,-13.513003,269.52866,12450.756,-6877.1947,-6079.3852
-9757.6571,60.550336,-171.19939,-68.727425,4000.7159,-417.56525,-944.54518,-1720.348,-791.55333,-1.5975896,-2079.8989,2005.7774,-573.13871,-365.09859,151.55009,650.57637,67.04026,213.57608,317.05936,241.63609,2088.9196,-2236.9436,545.23275,-594.49752,1490.2858,-1564.651,-164.08324,-650.77448,75.946298,459.70705,-250.40931,140.52147,177.61071,4248.3798
337.47081,-990.52703,167.10017,-155.70166,1551.9503,-625.67856,695.05536,-669.06351,-951.10893,-11.492176,-9646.1724,9612.8181,-363.36788,301.77272,-764.03705,639.86987,78.538099,289.80531,251.75586,45.712406,3676.495,-3574.41,186.30335,-332.76364,1178.3013,-1248.8629,18.503158,-1609.774,-15269.366,16385.943,-180.04323,545.27256,-156.60431,155.80984
-436.25863,142.96254,-144.30539,1697.1976,-856.50486,-702.93483,816.76811,-807.45654,-322.11617,34.88826,-40757.388,40756.088,-538.34448,403.98765,-929.82656,740.91859,217.95581,364.36333,174.2346,53.080715,4398.8874,-159.92501,-3746.3459,-519.88626,748.71741,-861.72338,72.276618,-210.02334,-8269.6557,346.84063,5859.0035,2122.7245,-5.2651337,138.12258
-579.18143,321.12147,1444.6647,1458.8778,-2400.2821,-325.92194,-46.452663,-196.18109,-563.94039,397.52346,-7136.3372,7099.9146,-1078.0797,1094.1678,-370.37845,-80.306114,447.69483,462.38254,53.830583,109.95921,369.77329,-217.95237,509.9891,-696.07416,46.541047,-214.8581,1155.2595,-924.36785,-684.17552,-17951.31,15373.723,-7057.4235,10051.817,1440.6149
53.988172,-708.88397,106.33921,-12.857157,3223.8439,-3200.9218,-118.39323,-328.52915,-818.96779,742.87948,-1373.563,-14841.539,15952.978,339.57069,-41.593704,-624.17268,653.37418,646.08405,-168.66006,166.62029,57.86934,-170.5693,711.7053,-617.77421,-893.17399,632.43458,240.10722,4855.3267,-5076.3253,-2284.3667,280.79972,1214.3639,784.69298,-41.481433
3033.5752,-1923.839,-677.8336,-352.16472,-57.926966,92.315426,-95.557218,-430.51615,-216.58921,332.25347,-2544.3697,1719.3415,-712.00194,1538.5047,-8.275953,-909.50501,931.85277,930.72065,-519.7977,234.61949,1.502241,-158.48658,501.88002,-313.93025,-1653.1022,166.35006,897.67692,270.78747,42.175799,-2363.3377,2309.4618,-533.3381,-50577.526,51093.506
-78.976348,568.09608,-12.905629,-192.98706,-492.96619,169.5664,-64.760823,-595.97155,726.18414,2532.9547,-3097.6262,1923.0881,-2012.7874,144.94482,-13.835724,-1378.4061,1497.3722,892.34642,-595.10282,396.34801,-164.0006,-160.48335,321.08354,303.35809,-9492.5544,7459.7344,989.59134,292.82562,-1259.8634,82.572208,1193.9408,-217.22491,-79.1693,254.92573
-710.94228,1475.4734,-1390.6438,-139.96869,-103.25513,447.01254,-116.06089,-2317.9265,1287.4257,1333.7593,-1112.4382,2931.4322,-2639.2687,40.285458,-126.88757,-3551.5449,3816.2334,119.63951,52.470521,943.14116,-748.35458,-192.33508,177.8304,2076.8617,-296.05784,-1538.6879,-866.82973,-189.25048,-1298.8327,1585.556,279.53869,-22.816349,-230.10448,3310.0807
-2063.3084,-182.74333,441.79028,-558.0842,-22.913962,1092.6365,-2995.6748,469.27633,-4311.6779,5905.9274,-1170.4304,714.80636,305.16672,719.05021,-993.54963,-5600.1382,5580.1839,157.57817,314.75117,2412.8795,-2242.8775,-335.44207,-2070.6919,2437.5852,2368.7004,-201.81921,-3362.6908,-284.3682,-349.77887,1464.8161,23.932585,31.722103,-127.36689,12087.495
-94877.697,94872.305,-198.88881,26.079674,-1119.3071,-686.9397,-3293.4686,8096.4067,-2530.4554,-1074.6852,-1500.0803,928.85049,913.62066,175.93101,-205.58862,-722.83541,868.65978,62.063769,136.43869,4297.0307,-4013.9266,-125.82585,16.904038,-667.29691,1072.602,-117.73528,657.0494,71.23188,-3783.2372,2605.5048,284.52205,-306.30886,20.346479,-259.01988
8723.184,4218.8433,-4325.5338,-2381.9165,2271.7007,-722.88452,659.03146,1209.4343,11121.935,-13517.73,-277.40422,1149.6206,906.43932,-625.88216,-67.561185,-1463.253,1637.0882,782.44295,-543.53581,800.82717,-581.6454,-823.62679,865.63948,-3802.4618,3807.2171,-282.00113,-5820.1083,7446.4489,-36009.713,38394.946,-3649.5476,-413.34026,14.034723,-680.12289
71.786998,-40.835642,-132.67646,1.3353387,-1238.0452,956.60608,268.23485,-348.08605,238.76367,287.91666,-617.09009,7979.1058,-7890.095,83.255753,-14.508237,-1592.6234,1717.5622,905.53189,-604.2192,373.66687,-154.67274,-176.68098,334.20592,515.28275,-1617.3291,-228.90792,624.675,44.495429,8104.7224,14785.3,-21261.529,-1414.6389,4.646549,-240.4657
2291.46,-2442.0054,47.540166,-13.139227,-325.93614,298.65802,210.39327,-877.31221,835.43993,3121.0808,-3906.5287,248.58267,-268.4442,243.73007,29.641476,-129.71103,237.44883,535.00188,-120.71015,332.09522,-184.29534,-53.15523,488.47025,338.1869,-9912.1129,-21018.752,29285.677,663.40896,1146.263,-399.32463,796.40683,-1692.555,-424.2774,436.12791
-2679.3574,92.976918,-119.71492,65.502894,-111.30319,30.697782,-272.05175,-109.14947,490.51171,792.7363,-13859.636,12691.453,-1233.9538,1076.2656,11.303872,108.0292,42.398704,296.37954,236.86809,276.96146,-212.35373,-40.477351,1105.7194,473.80234,-724.5417,-1987.82,-1766.7054,2759.4746,-112.64237,174.62398,5060.9532,-5518.5097,236.95728,17.827826
-1393.9343,-165.45602,2331.8499,-2396.1782,1411.2863,6945.0759,-8545.8116,7216.4558,-7041.689,206.79002,-1290.5644,953.69239,-2520.1134,2278.5582,-374.2286,517.20729,2.4161273,257.02185,354.34426,211.45633,27.734673,-244.01912,1874.043,11005.954,-11969.637,-1185.7961,-4866.0156,4993.7589,-219.08658,899.17285,-786.1016,1237.4647,-1506.3769,-562.58819
-26643.657,2152.5526,-2139.0762,489.7949,-1347.7528,826.0495,3293.8332,-3065.8456,-106.21776,-36.007864,-421.14432,244.84513,-870.39228,564.84851,-210.84461,362.37642,-33.932555,314.98662,357.26511,46.536446,1289.6772,-1321.4518,3782.2938,-2888.5236,-261.01814,-802.57895,-4423.2907,4347.5793,-1943.8076,1899.7143,30.47662,-914.11753,3048.9859,-4841.0006
-16287.856,-491.26431,89.503416,-363.29263,697.30992,375.81935,-725.32781,2032.4581,44603.924,-46649.452,-329.10308,192.79551,-328.28604,530.03063,-504.19397,132.63859,-96.170603,405.71033,322.40574,-177.36346,736.89784,-494.82129,206.50922,-20.462882,154.09804,-566.95493,-4263.6491,3852.9949,-664.72829,966.1374,-50.441865,-2830.0767,2824.6057,-142.53664
-1334.2062,-270.67144,-192.40546,13318.489,-12974.072,-91.057901,-90.183895,81.582515,19214.278,-19330.859,-413.71312,252.72484,-333.46267,258.2134,-327.9056,264.18796,-133.30321,466.35967,271.35706,-148.06711,421.0374,-1348.0147,1376.3027,-221.82098,166.57964,-427.58007,3512.5272,-4009.9362,273.81291,-54954.709,55051.984,-309.61632,380.95048,103.05211
357.54311,-486.34207,24232.923,-22002.372,-2123.1941,1.5962196,2211.4292,-2474.7295,1620.1221,-1378.5785,-549.44878,245.79451,-786.3616,778.29784,-697.1274,606.58392,-44.473427,483.50204,198.33723,-16.700677,1071.8016,-971.65615,502.85095,-511.39326,44.526466,-319.72762,227.06169,-54.783192,-4830.7101,4458.6903,-16455.822,12490.417,4174.7459,239.84915
-58.181721,463.52535,1717.7622,-2058.1632,-16.138066,9505.937,-9452.8357,-493.45393,970.36758,-381.03918,-770.99289,-93276.377,93218.842,306.63098,-466.49561,357.89869,52.153839,513.63947,79.734274,88.45227,307.42432,-269.6691,785.53007,-766.6795,-340.51323,-43.359785,73.257444,236.09359,-114.83052,-16580.895,10857.955,5292.1078,316.5359,-522.6183
283.89796,2954.8046,4506.4357,-7507.7631,1292.4698,-1272.3858,26.131498,-533.32488,1017.3095,357.20381,-1963.5745,575.18155,-1766.8233,1913.4642,-50.411145,-35.927827,121.16307,588.37176,-90.886576,186.75797,-7.351748,-46.408738,768.02003,-595.06561,-3371.8612,2595.8709,-516.19864,974.53865,2.4573481,-680.15445,-1005.811,1483.7841,40.355088,-194.65673
254.51504,26471.244,-24939.311,-1810.8779,-41.560545,107.84473,2537.2283,-3149.0398,785.73539,3455.462,-5244.7689,1164.7207,-294.07429,286.11194,29.986312,-88.7041,195.51699,533.08582,-123.90102,332.32216,-175.32452,-49.187849,494.51894,276.20836,-9753.521,-2987.4895,10947.948,890.80105,-550.18161,369.08981,58.648369,-208.03734,64.410186,130.05618
-2174.3842,-184.34729,640.82533,-468.79709,-273.23997,489.32309,-766.33437,2.4479188,192.42009,580.80675,764.812,-1465.4217,-155.4431,71.221781,1.1780557,-134.88858,329.97361,-13.380873,353.68359,676.70459,-563.84536,-58.487009,266.52022,15590.447,-12453.164,-5868.3082,2059.9788,140.84023,-49.597202,94.182941,2.6494562,-165.14741,20.493129,221.55853
-503.82965,-744.17142,557.25901,-390.6935,-229.48206,-778.24784,-20222.536,20703.734,6602.5957,-6276.2855,-90.734738,1845.8358,-2094.0483,927.08722,-888.50829,-444.54567,668.67182,-553.06013,761.66747,1682.1411,-1478.732,-59.482024,-537.25807,946.84569,1016.4524,-318.5221,-10489.974,8661.1295,446.77298,33.372935,28.293322,-21.824913,-4024.1227,3948.6669
-510.48636,-3427.2928,160.75538,-188.54289,-36.549253,-1266.376,-92.659076,1110.8133,398.48509,-180.9286,-1300.3471,-1062.7693,2142.7279,222.52677,-238.00754,-633.22989,822.61449,6.5846804,160.58187,6658.1016,-6381.5122,-91.193392,-161.45038,-603.59454,1055.9242,946.94976,-1520.743,691.25201,-594.29712,-47.950808,-249.15233,286.68205,13.5417,1145.9773
-16.160999,17.388099,-106.02196,22.02829,-2207.6961,325.89557,1705.4248,330.11243,-101.44725,1437.1359,-4878.8515,-23632.011,26520.733,257.3411,-63.620228,-588.6046,676.04229,368.0952,-10.371013,388.30703,-188.7016,-4.6183357,76.374182,-257.47265,-567.86886,281.31388,433.30899,55.614891,-69.43591,-1528.2682,1476.0832,-193.86608,2.1675815,-172.82124
6046.3158,6965.485,-7001.8102,-8416.7873,7962.7572,-877.40812,1289.5366,851.17327,-1900.4262,-910.26191,-944.47164,1830.0066,-9080.8443,9929.5158,-33.132356,-1752.6632,1762.6425,1015.8309,-607.38671,193.97618,36.527505,-1793.8884,1944.6288,-183.08227,-24070.127,23790.57,-739.50774,146.06734,-4067.4081,6725.5738,-1490.496,-561.13352,-1802.8298,888.61999
-3904.5482,47.626821,9399.9574,-9444.735,-1313.7732,1071.4422,164.21084,-312.28229,-647.52537,354.6562,-1942.9097,1423.183,-391.0673,1223.5195,-7.6252815,-1050.4464,1071.6185,933.51395,-522.74839,227.17323,7.0196468,-180.39241,519.90464,-310.9893,-1922.3658,-684.89782,2115.6334,-38.568818,277.96361,4778.401,-3457.6093,-1465.6757,-322.99971,-440022.81
-3176.6135,-1197.7555,-104.37654,-87.468404,-118.84032,188.12778,11.536161,-549.60462,1078.656,127.43867,-1853.4855,666.00559,-1282.4344,1444.4615,-46.888057,-67.943385,149.22707,588.26,-90.320365,186.35182,-10.146932,-48.317099,767.68094,-594.65733,-4591.0765,3684.7398,-449.15553,1015.5458,98.627945,-259.24338,555.185,-2656.4259,2071.0872,75.560972
358.67284,951.81615,-4042.2171,-359.64415,268.89408,150.36685,226919.35,-227665.99,487.92793,611.34885,-1066.9108,91.014846,-16535.865,16462.001,-505.09882,539.91862,-49.317465,425.23989,220.75671,80.356736,237.44355,-272.6506,1275.3853,-756.42856,-319.50699,-790.90738,-270.70803,722.98404,7864.8138,-9203.8292,841.16818,672.31435,-425.30128,66.183532
-2070.3413,684.48116,-276.65457,-540.61749,49.967158,-414.9712,42676.226,-42228.489,-47.844577,328.68564,-520.3251,-28.082887,-10320.298,10186.048,-436.81041,445.65651,-183.4714,497.71435,349.47341,-92.953288,1256.1598,-1168.4672,1837.7609,7412.5094,-9057.7514,-666.70859,12.014406,310.00015,-1139.1647,1072.6971,-20.215015,132.6727,-94876.764,-22104.088
127977.03,-131163.02,8390.7388,-7457.8009,2.9046409,-1143.9963,337.2306,1141.9991,-862.77521,-161.56278,-285.22033,-102.53181,-411.87914,239.50065,47.331617,-49.589651,-440.11267,797.42523,375.30037,-517.92852,700.16584,-185.69711,1210.8705,760.69803,-1910.351,-486.11901,-37.174813,-1832.6687,2107.1146,-82.605096,56.618638,101.49672,-607648.44,581247.42
585.88318,-1737.7272,1071.0539,-1213.2117,99.267925,145.434,-242.35929,663.70076,383.92198,-777.96723,-261.46711,-211.47855,-43.456731,210.22975,-162.83636,45.145818,-787.08019,1031.7513,358.54336,-809.90059,849.80105,-199.10674,314.48427,1337.6596,-1505.0196,-408.51958,-284.22879,-887.60781,1429.3576,-5624.9714,5644.9775,145.02828,-912.54045,294.39967
16298.018,491.23306,61125.31,-78106.572,119.48485,148.7716,-384.46441,-1115.6736,1537.4638,80.778447,-440.32506,-665.76921,-163.89113,735.42978,-178.25087,168.63657,-594.77181,841.4032,323.92091,-370.81686,455.01385,-217.07009,466.04184,595.74402,-941.91032,-434.4202,129.29624,-172.66656,312.76276,105.68034,-19423.12,18925.456,217.26633,257.28739
162.86033,6588.8021,-6174.1642,-238.34422,-399.02352,60929.147,-61229.286,-100.78754,442.07936,480.38444,-758.49748,-3161.7576,1894.5728,1201.6117,-576.8054,543.637,-228.21215,574.18417,275.27967,-84.55039,1070.2689,-949.3663,793.57674,-233.13195,-543.96033,-536.66124,273.26027,-50.900981,7748.3876,-7683.1141,-185.80004,-1065.4503,1186.8867,255.48428
-102.50691,1203.78,-616.01574,-685.29343,231.77079,-27.929365,126.47389,-704.81819,412.96642,647.57929,-1048.0004,86.095163,-22891.729,22815.635,-516.95371,557.89981,-54.742008,426.55108,219.18068,76.529025,260.97089,-289.74408,1274.4399,-693.65395,-383.05296,-721.86832,-71.222974,483.63289,-28.501973,-869.64783,496.4118,217.27536,-56.508772,-334.74232
1632.7077,6092.8724,-7664.657,-11.56314,227.48943,-305.65151,-273.65066,77.992403,349.87057,663.42713,-14620.684,13607.802,-1309.2323,1151.6278,9.0161441,117.028,36.782334,298.15415,232.1806,264.13147,-193.39348,-40.065045,1134.8036,547.1573,-871.87186,-1622.662,-2598.574,3284.1368,-180.10257,90.677368,-7679.5958,7610.666,-120831.35,-4817.4799
597.5436,-1695.1136,-134.5093,141.9023,-170.08431,-761.86907,608.78834,42912.749,-42758.816,-2895.9753,4307.6077,-1647.7266,-278.57671,100.75179,94.937829,75.999814,102.43785,-26.660794,497.12161,697.78366,-679.92433,-31.973269,873.83704,3402.4635,-1764.5216,-5140.485,2434.0149,-79.13508,7.00503,102.30902,-138.15701,-354.6442,-771.05648,1089.0442
-673.61491,-1743.1199,-20.158633,815.32573,-829.13803,-500.76446,3052.6722,-2251.38,-750.01044,449.50025,9568.2124,-9812.6888,-190.3933,1898.5463,-1749.6007,36.466752,196.17103,-590.5755,987.18031,1786.7017,-1763.529,-30.087169,13159.701,-12128.119,1937.8689,-1231.8179,-942.12871,-1540.2569,479.60359,-4.103486,11.816818,-338.69971,-9434.7175,9711.3901
-10608.295,-1866.9142,124.46884,686.8573,-850.90694,-868.5443,552.73193,539.51989,-91.706154,440.60743,5125.7208,-6243.2203,114.40693,343.54864,-191.72907,-145.61447,378.46604,-599.69459,888.29394,2034.7989,-1906.6414,-8.8297896,178.33188,-5992.9378,5919.4694,-977.31979,747.33199,139.5943,-290.49821,-18.916816,-667.78249,633.85505,-105.01707,520.7981
-138.16867,-50.402388,254.05359,-207.33372,-927.30328,491.64212,125.60174,127.13392,672.56626,27608.039,-21379.67,-7905.5255,372.92333,489.4129,-53.900571,-183.45316,331.63443,-124.08732,537.7708,232.63116,-124.98248,29.269627,257.91157,-275.72052,-116.39453,-4229.6219,3869.5643,789.12527,-1318.3532,508.46752,275.05947,-243.05832,34.33777,58.902551
-1356.8167,31.628401,3657.0232,-3585.6122,-3457.9924,1867.1189,1401.7502,105.02924,-227.97706,255.9443,-4155.8578,-904.77778,3890.768,810.2386,-34.074788,-727.4861,733.98739,508.96295,-30.867525,106.28983,72.556729,88.234464,104.5937,-274.91411,-2569.5652,3425.8109,-1064.2141,-33453.934,33478.39,1602.1503,-1499.769,-330.73993,-23.135313,-2763.2849
50.785408,24431.572,-22840.788,-19652.719,16816.087,-1148.7538,2359.8139,842.75927,-1780.4873,-3333.9914,1024.5752,69.155492,-1092.0513,3999.7832,-9.8806975,-1754.1828,1726.4174,742.16971,-276.94422,150.07012,72.685979,-13874.1,14180.273,-404.88995,-329.73895,-484.27128,-541.67709,1072.9357,-2564.1742,3188.8622,93.948771,-1246.7086,-1110.1547,1694.6123
117.99397,-11230.813,11506.605,-1294.454,-15598.838,16413.076,140.53642,-223.55279,-864.25926,523.33046,-1447.6546,-11405.401,12774.322,323.47075,-38.490886,-709.98963,734.75009,645.99003,-168.81494,164.4873,59.9435,-195.26988,737.35606,-619.37044,-684.37837,423.48432,114.9955,6102.6998,-6207.313,223.78391,2491.0533,-4386.4332,-286.36699,1962.7133
-114.41517,1484.0817,11642.643,-13380.468,135.97077,3688.0273,-3653.3606,-472.51645,1335.5596,-815.35805,-732.3642,-50020.777,50055.399,252.15799,-461.44699,332.46823,72.236883,513.4655,79.733021,88.391719,287.41118,-251.77705,797.41728,-779.67101,-370.00164,-17.884265,6.3382185,181.00005,3.5386991,-36950.955,27464.87,9558.5451,-4261.2832,4078.6975
245235.75,-182561.4,-61934.642,-590.89075,-374.21809,777.22534,-950.19658,-192.54512,444.10961,392.17451,-704.69722,-4457.8487,3426.9557,970.93738,-632.15866,593.85679,-223.27574,573.64647,275.65684,-82.8246,1197.8445,-1079.5664,807.97936,-331.88856,-457.40184,-544.96467,263.04241,-91.355849,8553.0723,-8481.754,-106.3249,54.70624,157.74664,-230.51143
6353.577,-7217.9707,848.8935,-263.50081,-1104.1823,-290.36773,59.721967,-86.307483,482.60347,718.14818,-977.2837,-1144.8301,-1011.8507,1990.4628,-73.172717,-57.911947,-849.71676,1223.2981,373.44934,-578.79009,666.95831,-106.68357,847.95542,1469.8195,-2339.5245,-1108.9889,813.52336,-1247.296,1477.3392,50.302455,-177.19357,-7191.0951,6288.9255,987.44126
-5527.1772,9367.1474,-9781.0214,-172.56119,-233.40819,17.52139,526.10717,-225.96997,662.36854,617.34441,-1343.3584,-1114.3587,882.39433,-69.945391,128.95031,-86.661572,-3300.5653,3578.3047,401.74775,-2785.1879,2767.0337,-91.769285,-340.15197,1098.9904,-760.62121,-2394.0776,1866.3903,343.51854,211.41929,-997.1297,15.800689,1053.5043,-9168.5103,8508.2454
22789.009,-21405.822,13332.022,-15408.802,-150.03894,218.18928,-34.291727,162.75719,562.77598,1220.044,-1839.4219,-1710.038,1325.4606,206.62286,2.1450592,359.72153,-3613.9669,3454.5825,394.86255,-2425.4535,2405.1196,-1343.4932,1425.9955,785.16377,-962.1895,-2184.8842,1638.5293,395.15658,220.25106,82.513806,-125672.38,87927.886,37524.097,-1236.6297
2317.6334,-2443.5179,1653.9096,920.38014,-2708.7676,-312.0223,106.26508,46.210504,320.78201,711.16377,-977.12393,-1089.9588,-1187.987,2108.9933,-64.392709,-64.891517,-850.67399,1224.8817,372.88803,-584.57383,663.02212,-96.155707,842.75536,1256.3606,-2123.7283,-1110.2107,821.95372,-385.00749,616.61824,74.782076,-226.84267,-41606.81,41508.253,-589.37597
7233.3696,-7743.2038,239.92286,-138.98949,14.200243,-412.44988,8017.5869,-5811.778,-1839.5045,298.58411,-490.68434,-28.812561,-7848.2047,7711.7302,-391.52164,403.16049,-184.42315,499.58805,347.75975,-99.758137,1152.9948,-1056.4745,1889.7986,5892.9528,-7598.7148,-618.00335,50.464949,258.6207,-877.863,833.68943,-86.099502,-6148.1027,3442.3166,1921.4828
-1112.2262,-1359.5452,-104.82386,27.207389,-1250.3228,-1385.0964,2397.0766,4651.7641,-4525.8375,203.62787,-1378.8031,1062.1885,-2344.6362,2100.4015,-391.73488,537.74375,1.9078848,259.87134,350.23403,193.24695,63.176911,-257.6224,2019.5262,6884.5553,-8045.2416,-1056.4178,-4662.7731,4709.7802,-240.50713,559.78805,-459.73785,-171.64585,-128.00777,-13548.169
2196.8183,24469.846,-28043.243,228.9753,405.44585,-975.34366,459.45977,-49.881343,-1585.3058,1533.472,-469.4877,255.09837,-600.77811,314.33226,106.50656,118.18142,88.054443,53.809476,458.47964,728.59701,-730.38881,-14.845484,2207.7093,3133.8828,-3372.1352,-1983.1066,-338.19732,2.1694256,63.218754,3827.8023,-4070.2685,-4.6435594,141.77819,-5471.6183
-2580.0817,-2860.7863,41.474726,1269.6422,-1190.9154,-340.54848,3187.2835,-2887.4494,5366.1906,41676.21,-47010.93,-288.31765,-409.26534,12037.836,-11731.315,71.620916,152.35314,-263.46565,724.26526,1729.0331,-1750.4728,-8.5439977,3768.6467,-713.14931,-654.90142,2149.8507,-3912.3363,-1524.2537,600.83419,248.9727,-986.47973,-24794.635,23953.558,1521.048
228.56209,-884.671,-9.1249525,368.70662,-325.76944,-360.19552,361.68637,1335.3643,-1271.7903,-1077.6783,1360.8358,-703.68174,-328.58617,520.87216,-185.05696,6.2980119,232.18019,-500.38099,907.83787,1167.1572,-1143.2103,-5.7379349,1839.3579,-639.91662,997.91506,-1977.0256,521.85431,-798.72183,-246.06929,-85.679435,-126581.32,112307.98,14044.891,222.0911
130.1991,-2155.4386,-45.961526,134.08852,-37.866054,-817.99512,577.44532,149.70914,502.14531,7654.0498,-8486.4377,-484.58137,108.53868,482.50411,-58.690912,-175.30694,330.99977,-111.4996,524.08131,239.33343,-132.95808,32.06185,463.36223,-486.2397,138.90946,-4387.3256,3658.0693,890.07942,-615.78344,-144.71945,-1404.9616,1341.2167,127.66882,408.27694
424.01913,-833.74472,46.199239,155.04634,-1631.2062,1296.7607,129.20108,-127.14016,2871.4086,-1961.0427,-1943.141,-924.37816,698.56417,1125.6738,-40.694727,-211.39392,275.76153,234.82689,297.69773,42.940688,108.09261,11.631705,1072.6906,-1229.7898,36342.087,-37326.485,652.31186,416.55032,-103.05087,-279.64344,28.220372,-44.395452,7.6238114,-4.7877918
40.874707,-230388.74,230818.17,-5116.5144,-36793.481,38321.799,3101.6296,138.51039,-139.9232,-356.44526,-2084.9962,-3074.6546,3098.1456,2149.4287,-14.712957,-783.7667,775.58803,465.45758,49.341472,88.631994,115.8703,102.8921,312.59703,-592.55335,104.10535,-278.61969,695.95485,-942.01572,-50.6206,811.24059,-483.01859,-376.0293,-1113.6301,1432.3023
155.91082,-9101.7376,5675.6648,-1855.758,316568.94,-254237.37,-57146.564,1102.1572,-1755.99,-16576.988,15843.421,524.71245,-4290.0143,4838.6187,-23.72893,-1218.9007,1243.4698,502.1166,-25.364606,134.48574,98.771255,-6961.8524,7441.6758,-645.45153,-119.93627,-1751.4617,1879.995,-111.70275,-2597.4791,2600.2372,10578.739,-13748.637,621.40103,2461.7466
-461.95195,4248.297,-4474.9206,1541.3376,2207.977,-2849.7362,-87.077343,-81.841941,-569.0293,227.64029,-9400.3219,9436.5003,-1218.0222,1232.2249,-373.60137,-119.33388,490.19557,462.45085,53.455985,109.46537,342.81479,-213.7772,541.99884,-705.03968,67.775359,-235.83012,2142.4261,-1597.4379,-854.78457,-12947.905,11796.818,10696.198,-8353.7255,-921.17615
-222.87564,-511.2034,9159.1409,-6528.8969,-2304.6104,-54.699506,1702.2193,-1952.3744,3770.408,-3568.9698,-603.54881,348.86523,-857.64543,825.7774,-759.812,656.19293,-29.870754,483.76546,197.80053,-16.495878,1214.6819,-1109.6849,508.27356,-526.5239,71.311826,-340.90737,326.42589,-49.275407,-2219.2973,1650.7072,-2977.7966,2154.8315,1316.6696,-210.47124
3873.1642,5864.5547,-1506.6479,-8487.5391,115.7556,35.170645,-290.73442,-372.85491,821.74418,5.3955149,-399.48533,-502.57382,-330.02539,740.66159,-190.23878,177.29303,-589.44463,841.71191,323.62509,-368.32303,458.15118,-196.62931,446.33735,458.46589,-806.17284,-430.3823,127.85729,-111.02944,235.51188,67.800091,-16112.911,15631.727,398.21811,145.78676
10979.76,-995.99125,-1521.5467,-8929.9204,539.53091,453.01865,-961.79321,167.12939,550.5909,913.81693,-1525.6865,-1667.6286,1206.0361,273.80784,10.076399,356.52941,-3613.8699,3459.7248,394.7898,-2402.5088,2382.87,-1033.9602,1148.9184,845.90725,-1054.0023,-2040.2028,1492.5464,390.28072,122.97237,156.2174,-88059.362,-1198207.2,1286053.1,-28621.857
-60711.772,-39282.12,-44416.552,5011.2131,38743.057,42824.293,217456.1,-259874.73,806.43478,205030.44,-205879.34,-315.20058,485316.18,-483916.67,-1242.012,4085253.9,-4096239.1,11136.888,414.52546,-12959.392,12918.255,-22654.232,-32644.25,55584.124,-395.31383,-28930.524,28203.19,620.46773,-164192.9,-4346412,4511094.6,-68357.103,34719.945,33043.926
-10271.649,6911.7879,-7290.7048,-5728.3904,5518.5156,-160.7072,234.95074,62.041664,693.28693,490.88826,-1249.2769,-1126.3644,913.59203,-69.660985,109.07337,-92.336217,-3309.1999,3593.3018,401.20821,-2795.9832,2776.2316,-123.64532,-429.06949,1211.0206,-750.66562,-2338.429,1809.4843,366.4938,147.45316,-1422.9784,-12690.266,14221.428,-32561.421,32033.36
-6759.1935,-1360.7784,3387.8203,-2805.9151,-257526.76,256735.49,240.61427,3409.1043,-2987.9547,-235.88339,-269.84528,-103.17677,-387.06913,205.10546,58.774983,-51.518603,-439.94224,799.372,373.853,-526.65104,689.75397,-164.53342,1061.0297,883.62443,-1890.0531,-461.82195,-22.22287,-666.63874,893.05916,-82.566011,69.575367,77.525208,-9657.0073,-2801.3864
25418.908,-31245.1,76.10823,-200.56638,-374.50657,552.07489,2043.0864,-1901.5784,130.23608,-246.08137,-451.46185,282.14899,-834.65151,520.02833,-180.38556,339.76576,-32.972495,317.3024,354.24935,28.873463,1218.7658,-1229.9111,3377.4595,-2507.4493,-277.11236,-738.74288,-4559.3123,4445.2866,-2597.7336,2555.9505,33.56876,-173.2721,-2547.1781,2622.9588
-34836.547,-1195.978,-63.9886,7137.1418,-6842.6482,5224.0669,-3353.9512,-2255.7352,-154.46296,200.5692,-743.87286,621.62255,-795.84159,394.3778,-157.63046,452.36445,83.442647,139.68246,381.67479,559.71514,-275.35781,-260.54848,20904.015,-20555.415,1372.907,-1686.0425,-355.13222,-190.63278,147.71375,-13.141329,-328317.96,328261.11,-4533.5234,4686.2176
138277.74,789.17242,-1764.7826,43335.949,-39088.101,-4187.15,3234.854,-3378.9112,-37.36597,555.34242,-539.13354,-80.816908,-646.50834,5736.8546,-5257.8567,98.657367,135.45311,-18.974314,494.45403,1220.5723,-1191.0145,-24.843888,4935.9437,-4447.0629,673.42363,21677.594,-22541.461,-1525.1391,902.37137,-24819.92,24732.867,274.16981,-264.92465,-358.40844
-5660.0728,5473.4844,-0.49383879,1389.9313,3456.9724,-4890.8419,167.0992,-161.65197,-585.38536,600.66757,-132.77551,-82.816732,-619.85296,731.20739,-194.22311,59.514284,166.68967,-157.02941,633.70718,761.82419,-734.57844,-38.597892,362.18344,5643.7297,-3706.7114,-2092.7124,455.51872,-856.07608,-133.30456,-206.34416,-149.28552,14531.336,-14984.014,539.64789
-444.21314,107.27451,-81.840665,84.378759,2038.0336,-2182.1188,6.3320674,48.481421,525.44523,-303.81137,-153.95668,-484.45358,-602.62127,755.48798,-51.502619,-8.2549827,187.88526,-78.466805,578.49417,147.3152,-66.365046,-47.423172,1922.3908,-1765.24,585.59739,-1911.1949,152.82794,1183.37,-520.85771,-167.3571,-91.996081,27.001853,-407.55427,-8339.2981
89.326981,66.586863,-265.72477,-318.12899,521.56301,238.06851,-1993.1676,1246.0247,764.57679,-320.66878,-783.82895,-384.37495,-733.00824,1335.2462,-275.81971,239.73251,80.140807,219.70944,425.89401,-48.734836,538.27331,-503.03311,22053.372,-22133.132,118.11287,-1046.8067,601.90456,456.35528,-130284.81,129565.74,-109.88284,463.60414,-1698.4451,1111.9901
149776.3,-150247.13,3528.1071,-4417.2236,480.47461,-1064.7,1141.1811,-194.74649,5972.5522,-5883.2586,-1198.3041,-6544.6903,5503.003,1999.623,-246.59856,31.315396,210.25543,352.57517,257.64827,3.83745,517.843,-373.46984,2071.0343,-2315.1493,1783.3882,-2092.5513,212.11538,-12873.026,13002.209,-20471.609,19236.505,1019.9431,-292.60586,271.1281
301.41122,2698.7342,-8507.3833,5633.8917,6933.3931,-6965.6099,-33.381321,275.82931,-302.41286,-339.53958,-1860.2818,1549.5042,-20254.778,20591.508,-251.25381,-326.59849,598.25297,385.06808,136.53655,83.689781,432.86761,-140.82627,399.82872,-798.24027,377.38214,-504.05705,626.86234,-522.35199,-2328.5343,-1494.8068,3565.442,-2115.489,2303.4441,-76.157432
-5416.8363,4055.3655,-2874.447,9615.838,-5253.7169,92506.659,-92542.246,1481.5415,-1916.3324,-42975.538,42256.695,802.58431,-1887.7893,1837.9217,-602.73743,38.14606,633.01055,365.99245,114.16387,111.24684,1727.376,9871.2588,-10998.977,-687.43184,2.9092343,1717.3338,-1808.9097,4728.8,-11048.229,-591.52659,-5820.3001,12808.9,389.10962,-551.16681
-74026.036,72798.729,1800.1459,397.7157,130.60634,-339.51443,410.31087,-326.35755,-434.806,11.889096,-32880.692,32909.273,-591.15312,449.54185,-1030.0261,829.41707,234.54421,364.46766,173.28222,53.055583,4803.7767,-548.94182,-3754.3132,-528.36409,738.52554,-848.91137,61.317208,371.04415,-13805.727,8399.9988,790.18209,4226.3914,699.1753,-835.82639
-23034.935,56.160664,-188.89223,3075.882,-2569.8915,-258.62223,65.62859,-32.360718,58485.906,-58632.336,-508.53706,364.73976,-356.9446,263.87606,-346.14071,285.34193,-125.46466,466.36638,270.38066,-147.36003,427.27039,-1507.5834,1532.1048,-236.22792,213.96775,-460.46735,9914.6178,-10343.173,175.35467,-2755.7887,2815.6631,286.73927,-7.5977122,76.581549
1637.5351,-2441.6015,1155.5183,-625.72172,-580.04219,1307.2983,-1356.4478,2225.6187,-1105.9313,-874.84138,-241.66248,-174.96335,-87.524367,186.3927,-134.05861,45.577093,-782.57723,1032.2194,357.85949,-804.41992,844.63892,-237.44692,348.67448,1214.7812,-1369.8982,-401.35989,-294.14329,-1429.3363,1948.755,-134199.33,134190.75,48.022361,-550.76125,437.85395
-10591.054,57.377082,-334.56181,-1476.7459,2512.2393,-1410.6967,359.74113,-61.346405,667.7266,385.0054,-1121.5139,-984.28491,718.02644,-53.167755,145.03261,-91.807545,-3311.6503,3596.0532,401.37522,-2766.8558,2748.4853,-98.794512,-179.7678,999.00819,-810.84939,-2196.6455,1668.5443,343.72481,195.60594,-2632.9643,-1590.1464,4276.5587,-7136.0183,6169.3966
26044.688,-21834.696,20856.723,-25546.211,2966.495,-2864.0375,-55.719397,152.48033,534.19116,1087.275,-1677.25,-1846.9853,1345.6116,319.53337,3.7339365,350.39429,-3616.7118,3469.2432,394.53658,-2404.6991,2384.2588,-946.08094,1049.6126,781.19946,-977.29091,-2077.014,1536.5232,390.11418,127.42173,127.73081,-46119.27,34576.964,11364.636,-16449.615
1695.6008,-1948.0109,3719.5446,-3929.4008,82.8383,9296.4571,-9358.2091,2166.9477,-1120.7331,-794.14746,-252.95657,-213.9925,-57.7586,216.27277,-155.75005,46.070991,-784.22989,1033.3892,357.47261,-810.94354,847.19843,-280.75274,401.15664,1335.6577,-1505.5718,-399.01759,-270.88714,-299.96038,790.5744,-1952.8522,1940.9738,144.86351,-511.80894,326.86865
845.43443,-4020.9959,153.64926,-268.17201,419.14526,6261.6499,-6516.0976,1738.1749,14519.141,-16288.124,-352.63831,222.0442,-333.75772,747.95921,-726.10845,139.4864,-93.62319,406.97175,320.32335,-187.18162,691.49694,-438.28043,192.25008,-11.182417,135.29484,-536.32914,-5217.5732,4859.6912,-212.69856,385.27294,35.625675,167.07877,1.9537299,-60.017173
18261.21,-8624.6939,34.382255,-141.33727,5052.9294,876.26992,-4223.8542,-191.76244,-1457.4529,-11.508181,-1829.5209,1765.5529,-577.02472,-561.11486,326.00459,674.16061,69.306954,215.69814,313.39889,219.01372,2057.3024,-2178.8556,467.93537,-522.30913,1424.2706,-1474.0176,-99.683925,-581.81829,-395.71286,714.56404,-21.418383,193.96583,23.168808,-6504.1309
-52591.005,52782.957,-809.61542,-93.511302,18746.095,-12039.858,3888.1542,-15435.863,4851.4643,-2919.8899,2774.4671,54.265418,-682.4483,-11374.553,10050.082,1918.332,111.81648,117.14921,363.04512,607.54734,84.525513,-621.48997,1845.4813,-1897.8293,873.11442,37956.289,-38775.364,-1767.5247,1345.781,-84488.723,84498.004,108.93978,32.265299,-56.941843
-19228.124,-6275.0794,6191.1836,-58.770964,2254.0906,7140.6485,-8779.0803,-1300.3466,395.69337,294.84227,-670.45849,514.64575,-698.58354,512.98546,-207.14491,357.187,110.70734,58.21769,458.18286,490.32195,-111.87092,-380.36816,1304.374,-1300.8514,15810.728,-15784.864,166.17646,-614.16626,34.481752,-28.661073,-59.005654,-4529.9968,4813.3514,-283.04566
-1619.4011,-1187.0846,1225.4422,784.61417,-709.91605,3236.444,-3290.8567,-819.18766,780.11917,56.882323,-348.07918,-0.87134117,-761.40525,781.75919,-262.93049,297.09579,89.84226,85.723479,510.24556,69.640853,337.4929,-465.71408,271.56099,20905.93,-20934.247,-717.81709,-1323.3308,1843.8089,-448.02545,54.387626,-54228.366,47481.128,-31714.978,32538.077
-1609.7634,500.16879,-683.75635,137.89923,-321.86565,349.04553,-404.28324,181.0841,219.28649,77.852729,-777.25808,-490.12558,-539.31639,1242.9525,-287.04976,249.0601,80.017592,227.58918,424.26711,-57.390949,547.53709,-509.20312,20560.878,-20648.051,70.808954,-1316.5169,799.71979,591.60352,-590.87907,146.07391,-842.89725,-4926.7321,4913.3941,-3426.1579
12176.924,129997.14,-142121.06,-591.32873,-179.10289,-18.323316,1545.5254,-1642.5106,338.04085,-29.133082,-647.29318,-7512.3215,5739.3837,1980.2797,-1164.041,1251.2768,-92.989041,348.57053,497.50187,-182.08929,448.05131,-437.88794,8256.8925,-8399.9493,-16.806648,-483.95342,294.37777,-329.54347,-9163.2917,9880.9353,-424.97269,66.138372,-133.73505,-95.94041
-57593.841,-742.95374,47735.428,-47291.921,-269.4866,12.594503,1543.6522,-1577.2234,5960.0885,-6063.8025,-842.27311,-109.18355,-2486.1622,3282.7886,-1319.9264,1289.0478,45.921119,355.65865,314.90054,-31.968239,374.30229,-215.00764,541.89075,-857.70579,403.3058,-570.48902,-29.165556,-79.746255,-4089.3173,4148.0516,750.35742,-1164.6057,500.47193,-8415.7562
-6163.5099,-8353.956,7862.4095,42.398776,172.31373,-47.256708,373.14121,158.18167,-763.97103,-107.48547,-1599.9043,1553.3138,-523.87521,466.21928,-2249.7062,2104.243,240.22897,314.92647,213.68235,69.322607,728.44989,316.47012,-597.95026,-584.82136,1108.5487,-1180.7348,3.1822972,-815.10455,-3403.5171,-733.18675,-267.74432,5331.6337,-109.25446,-135.29286
74321.537,-57534.523,57520.915,749.94868,384.94818,52757.669,-52616.947,1850.8701,-2520.2978,-20170.836,19717.345,465.68588,-363.00234,177.2784,-3406.4682,3338.7267,219.39767,280.1506,204.17801,102.11289,7380.1542,-7115.5092,111.88072,-494.10682,183.87377,6312.1821,-6544.0352,-5615.8358,-4435.9842,498.55317,5614.6454,3918.1761,460.0324,-599.15649
8373.2674,-3593.4014,66.580326,-96.572818,1655.4123,-826.96791,2827.8369,-2531.8638,-1132.0624,-10.500709,-5072.1193,5049.3905,-374.49105,274.76909,-819.47785,727.96626,83.242558,289.71346,250.24473,45.523872,3700.3535,-3599.5981,187.22577,-334.14139,1203.5439,-1264.6828,14.372298,-1599.9651,-14417.892,15013.33,440.8765,480.26663,684.95742,-10.38973
-7929.4664,-1814.4447,72.236577,-301.96382,762.69773,1741.9989,-2177.4045,1863.3024,18905.485,-20813.59,-426.22052,298.47537,-340.63379,508.76934,-486.42996,143.05076,-93.09833,405.2476,321.07463,-176.72803,735.80242,-494.68173,189.29253,-35.733104,234.13739,-607.15661,-6136.9503,5740.35,-767.19121,1026.7058,-8.8179526,-38.144532,172.89588,-94.763293
44117.135,-49151.915,492.42504,-13.098342,-14226.951,13556.108,312.52268,3429.9244,-3111.5409,-206.76529,-263.92364,-86.643187,-420.997,224.72901,53.668188,-46.761368,-438.62437,796.87635,374.43858,-515.99061,697.34426,-184.97023,1021.0146,913.64279,-1860.9986,-473.079,-62.536284,-685.28508,934.69005,-59.756924,43.217362,57.557349,-23111.516,13874.331
13358.777,-14255.122,1745.9042,84745.98,-86550.121,-285.14745,82.388508,-186.5762,546.60611,669.11616,-923.08362,-864.26314,-1504.1825,2201.1506,-73.355195,-56.739829,-849.58426,1223.5164,372.99756,-577.9582,665.10354,-106.02383,945.80262,1245.3531,-2208.7378,-1074.5817,777.64923,-1495.7795,1732.9538,34.70357,-180.95609,-27215.43,24980.555,2143.2709
40499.661,-36642.303,31905.564,-35914.003,38.51568,120.9156,-318.94916,-315.89124,729.67807,56.63755,-427.1461,-718.04889,-140.68333,764.93717,-190.68327,177.43393,-589.29913,841.71206,323.29434,-369.34594,456.70528,-185.59306,459.24258,571.9151,-944.3108,-433.05982,141.64744,132.22065,-8.1756615,73.938093,-19616.442,18802.908,671.4492,234.8575
-1203.8685,879.40503,-1019.7512,28733.659,-28129.139,-444.79495,102.07938,-63.035091,67613.795,-67739.287,-437.77255,285.11127,-370.2259,284.71054,-343.82907,282.86207,-125.87696,467.06112,269.95288,-150.59323,413.13456,-1714.6277,1766.585,-234.43366,153.87994,-413.69099,13628.504,-13961.207,149.45066,-715.81354,538.22382,414.94368,-22.09257,127.10083
34.773391,6.1902419,15498.942,-15590.702,1503.1276,-1034.0648,3205.6379,-2731.4179,-978.37424,-28.462553,-8499.4985,8487.387,-373.53077,270.74549,-795.83322,707.54442,83.656418,290.81195,249.53599,38.256665,3322.8482,-3216.4573,194.22491,-336.62966,1139.0722,-1203.8808,3.2284303,-1265.7642,-4648.0554,4031.6729,1252.5194,559.2602,226.73023,60.858342
-3280.6049,196.25156,-94.597623,-84.514575,2465.421,7177.4413,10609.092,-14017.792,-6290.3775,-8503.3546,8194.9675,256.67654,-489.01639,197.3113,-6619.2711,6792.8237,102.95635,205.63529,279.00698,207.11287,3593.7664,-3647.7453,177.30063,-363.33338,510.44478,12888.56,-13405.747,-2646.5301,1795.3646,-53706.925,54047.573,383.86996,8364.9933,-7007.0639
10983.785,-12289.129,164.94444,-69.230479,3190.8596,2801.2401,7203.3077,-13557.938,294.09291,29.827674,-1066.3576,961.45727,-521.45585,-3742.6844,-520.6679,4757.1089,54.457965,175.26996,363.2447,225.97289,882.76721,-1075.0643,446.31967,-586.70009,36458.87,-36441.836,13.938446,-635.30418,-246.50784,516.35925,-198.43231,408.37724,-55460.331,55460.766
147.19587,-602.87431,246.47297,-80.428013,2118.568,-1659.328,4663.1613,-5236.7782,-668.62559,822.91024,-389.72284,126.73521,-505.88165,505.03571,-1042.0946,1138.9624,-14.42961,200.26848,483.89493,-33.560351,672.48274,-774.78883,857.67205,-885.50758,238.78092,-504.11394,-7319.828,7479.6902,-2075.1694,1884.3698,-1027.9703,1090.5366,-88567.78,77829.03
-99.276116,-741.95096,777.75021,-681.02138,201.15559,-142.92949,-2488.6252,3295.6021,-844.73585,225.48038,-507.09799,-655.66156,-100.84946,787.89401,-1032.3027,1145.9952,-80.791454,278.94142,576.66781,-231.82065,600.82175,-636.13968,921.07356,4243.1736,-5249.7194,-730.15298,349.66324,521.09116,-168.51859,-199.31875,-9887.2143,824.73781,-140968.4,145935.11
-46953.814,-1738.3341,2143.2709,24980.555,-27215.43,-180.95609,34.70357,1732.9538,-1495.7795,777.64923,-1074.5817,-2208.7378,1245.3531,945.80262,-106.02383,665.10354,-577.9582,372.99756,1223.5164,-849.58426,-56.739829,-73.355195,2201.1506,-1504.1825,-864.26314,-923.08362,669.11616,546.60611,-186.5762,82.388508,-285.14745,-86550.121,84745.98,1745.9042
121271.04,-112568.31,13874.331,-23111.516,57.557349,43.217362,-59.756924,934.69005,-685.28508,-62.536284,-473.079,-1860.9986,913.64279,1021.0146,-184.97023,697.34426,-515.99061,374.43858,796.87635,-438.62437,-46.761368,53.668188,224.72901,-420.997,-86.643187,-263.92364,-206.76529,-3111.5409,3429.9244,312.52268,13556.108,-14226.951,-13.098342,492.42504
-142355.07,122.19864,-94.763293,172.89588,-38.144532,-8.8179526,1026.7058,-767.19121,5740.35,-6136.9503,-607.15661,234.13739,-35.733104,189.29253,-494.68173,735.80242,-176.72803,321.07463,405.2476,-93.09833,143.05076,-486.42996,508.76934,-340.63379,298.47537,-426.22052,-20813.59,18905.485,1863.3024,-2177.4045,1741.9989,762.69773,-301.96382,72.236577
12665.397,-891.65683,-10.38973,684.95742,480.26663,440.8765,15013.33,-14417.892,-1599.9651,14.372298,-1264.6828,1203.5439,-334.14139,187.22577,-3599.5981,3700.3535,45.523872,250.24473,289.71346,83.242558,727.96626,-819.47785,274.76909,-374.49105,5049.3905,-5072.1193,-10.500709,-1132.0624,-2531.8638,2827.8369,-826.96791,1655.4123,-96.572818,66.580326
77.788745,-57.765525,-599.15649,460.0324,3918.1761,5614.6454,498.55317,-4435.9842,-5615.8358,-6544.0352,6312.1821,183.87377,-494.10682,111.88072,-7115.5092,7380.1542,102.11289,204.17801,280.1506,219.39767,3338.7267,-3406.4682,177.2784,-363.00234,465.68588,19717.345,-20170.836,-2520.2978,1850.8701,-52616.947,52757.669,384.94818,749.94868,57520.915
-5595.4503,77.958436,-135.29286,-109.25446,5331.6337,-267.74432,-733.18675,-3403.5171,-815.10455,3.1822972,-1180.7348,1108.5487,-584.82136,-597.95026,316.47012,728.44989,69.322607,213.68235,314.92647,240.22897,2104.243,-2249.7062,466.21928,-523.87521,1553.3138,-1599.9043,-107.48547,-763.97103,158.18167,373.14121,-47.256708,172.31373,42.398776,7862.4095
-15113.221,8448.1016,-8415.7562,500.47193,-1164.6057,750.35742,4148.0516,-4089.3173,-79.746255,-29.165556,-570.48902,403.3058,-857.70579,541.89075,-215.00764,374.30229,-31.968239,314.90054,355.65865,45.921119,1289.0478,-1319.9264,3282.7886,-2486.1622,-109.18355,-842.27311,-6063.8025,5960.0885,-1577.2234,1543.6522,12.594503,-269.4866,-47291.921,47735.428
-3501.875,99.359208,-95.94041,-133.73505,66.138372,-424.97269,9880.9353,-9163.2917,-329.54347,294.37777,-483.95342,-16.806648,-8399.9493,8256.8925,-437.88794,448.05131,-182.08929,497.50187,348.57053,-92.989041,1251.2768,-1164.041,1980.2797,5739.3837,-7512.3215,-647.29318,-29.133082,338.04085,-1642.5106,1545.5254,-18.323316,-179.10289,-591.32873,-142121.06
22628.082,-7159.4043,-13750.96,-1854.8407,-48.459742,2354.8568,-2358.9945,-354.62098,414.8111,435.29258,-729.64003,-1804.3092,513.97216,1229.1891,-629.78016,591.7441,-222.64475,573.61789,275.16863,-83.071399,1192.0856,-1074.8005,864.96546,-292.29565,-548.91868,-547.41631,262.43382,-23.396865,9411.3914,-9442.4098,-49.336934,63.339427,8.2972141,-7905.1721
-20545.723,-4005.1469,22030.954,-4810.8673,-17102.164,2.5437364,1705.6042,-1952.7,3473.7621,-3270.9987,-560.8261,272.27778,-762.72046,756.43008,-752.57075,649.3544,-30.609723,484.03755,197.46379,-17.302559,1195.8676,-1094.4068,537.36647,-544.7491,38.842393,-317.21691,309.28412,-52.401,-2009.8792,1521.5201,-2180.3727,-2998.8358,5530.0576,-141.72796
-15058.667,15039.128,192.02647,8133.1022,-7464.035,-586.15233,438.14455,-353.6135,-385.69685,-19.179011,-42542.399,42585.123,-627.47133,488.76332,-1008.2257,806.64535,234.41649,364.89892,172.95075,51.208063,4504.4088,-983.48408,-3006.746,-538.12094,730.88964,-844.3118,42.79666,385.72636,-12667.672,8909.2095,-2453.6911,5817.4635,259.11518,-388.36862
13907.958,-14038.83,463.19483,-90.421486,285.20071,11143.011,-11015.28,1663.4064,-2243.6669,-22977.574,22407.377,574.39699,-369.22758,184.72928,-3264.9265,3195.5202,220.71933,280.74382,203.70309,98.592191,8321.6412,-8017.9562,79.977942,-496.50336,207.71984,4231.2395,-4497.917,-5315.6946,4669.4659,-10587.951,6349.4753,4865.733,1148.233,-1252.4433
142927.04,-16.752809,-560.45915,65.667306,395.43493,373.86195,17759.356,-17124.487,-1528.3624,3.3487756,-1332.0956,1272.9283,-330.2988,183.953,-3726.7511,3828.093,47.959573,251.05901,289.40734,78.651592,770.44713,-854.56558,270.98087,-372.40945,4987.9703,-5016.0615,-8.7809297,-2171.3475,-2362.3827,3397.9674,-587.3262,1708.1203,55.98865,-195.00642
8830.836,-2746.4692,-409.37412,116.77339,233.94259,49440.17,-49399.1,344.15466,-26376.331,25732.107,-447.05254,187.52572,-210.9474,1409.3503,-1389.1069,424.14243,-142.45552,271.38237,467.58386,-128.63347,292.32322,-352.00297,259.47998,-348.08647,228.446,-377.24058,-8944.4238,8600.3589,56.953329,164.74204,-246.7711,478.26873,-123.2498,-379.0786
87.720345,16235.453,-16883.708,194.1278,150.74252,-115.25654,18.883411,204.90437,-122.49385,16.725011,-383.7724,-1070.113,733.9705,472.05382,-226.01667,446.21098,-359.91319,325.0142,846.12049,-599.11318,182.05405,-190.56257,733.08947,-310.50077,-535.40489,-349.33265,-214.75056,691.27309,-75.61519,-220.2368,50.589761,-1814.002,-4755.1286,6398.5626
554.42646,-998.68241,-436.9702,1316.8529,10076.805,-11299.714,33.900522,267.65813,-163.52331,797.74572,-1107.1228,-2225.4368,1332.0228,871.65094,-107.26146,655.17504,-572.64976,376.0859,1231.3005,-865.43204,-52.64414,-71.153267,1398.5239,-392.1219,-1185.2579,-1282.1552,991.4202,590.19814,-128.30912,-302.67166,-11071.862,11149.109,-177187.54,128138.05
32440.376,-32015.204,6169.3966,-7136.0183,4276.5587,-1590.1464,-2632.9643,195.60594,343.72481,1668.5443,-2196.6455,-810.84939,999.00819,-179.7678,-98.794512,2748.4853,-2766.8558,401.37522,3596.0532,-3311.6503,-91.807545,145.03261,-53.167755,718.02644,-984.28491,-1121.5139,385.0054,667.7266,-61.346405,359.74113,-1410.6967,2512.2393,-1476.7459,-334.56181
-1680.4615,-1358.3078,437.85395,-550.76125,48.022361,134190.75,-134199.33,1948.755,-1429.3363,-294.14329,-401.35989,-1369.8982,1214.7812,348.67448,-237.44692,844.63892,-804.41992,357.85949,1032.2194,-782.57723,45.577093,-134.05861,186.3927,-87.524367,-174.96335,-241.66248,-874.84138,-1105.9313,2225.6187,-1356.4478,1307.2983,-580.04219,-625.72172,1155.5183
-35849.722,-305.55861,76.581549,-7.5977122,286.73927,2815.6631,-2755.7887,175.35467,-10343.173,9914.6178,-460.46735,213.96775,-236.22792,1532.1048,-1507.5834,427.27039,-147.36003,270.38066,466.36638,-125.46466,285.34193,-346.14071,263.87606,-356.9446,364.73976,-508.53706,-58632.336,58485.906,-32.360718,65.62859,-258.62223,-2569.8915,3075.882,-188.89223
-5102.8639,77.442268,-835.82639,699.1753,4226.3914,790.18209,8399.9988,-13805.727,371.04415,61.317208,-848.91137,738.52554,-528.36409,-3754.3132,-548.94182,4803.7767,53.055583,173.28222,364.46766,234.54421,829.41707,-1030.0261,449.54185,-591.15312,32909.273,-32880.692,11.889096,-434.806,-326.35755,410.31087,-339.51443,130.60634,397.7157,1800.1459
855.76086,-920.26618,-551.16681,389.10962,12808.9,-5820.3001,-591.52659,-11048.229,4728.8,-1808.9097,1717.3338,2.9092343,-687.43184,-10998.977,9871.2588,1727.376,111.24684,114.16387,365.99245,633.01055,38.14606,-602.73743,1837.9217,-1887.7893,802.58431,42256.695,-42975.538,-1916.3324,1481.5415,-92542.246,92506.659,-5253.7169,9615.838,-2874.447
-314.30838,-62.802131,-76.157432,2303.4441,-2115.489,3565.442,-1494.8068,-2328.5343,-522.35199,626.86234,-504.05705,377.38214,-798.24027,399.82872,-140.82627,432.86761,83.689781,136.53655,385.06808,598.25297,-326.59849,-251.25381,20591.508,-20254.778,1549.5042,-1860.2818,-339.53958,-302.41286,275.82931,-33.381321,-6965.6099,6933.3931,5633.8917,-8507.3833
-222.54836,-177.23902,271.1281,-292.60586,1019.9431,19236.505,-20471.609,13002.209,-12873.026,212.11538,-2092.5513,1783.3882,-2315.1493,2071.0343,-373.46984,517.843,3.83745,257.64827,352.57517,210.25543,31.315396,-246.59856,1999.623,5503.003,-6544.6903,-1198.3041,-5883.2586,5972.5522,-194.74649,1141.1811,-1064.7,480.47461,-4417.2236,3528.1071
-15299.946,-2127.6773,1111.9901,-1698.4451,463.60414,-109.88284,129565.74,-130284.81,456.35528,601.90456,-1046.8067,118.11287,-22133.132,22053.372,-503.03311,538.27331,-48.734836,425.89401,219.70944,80.140807,239.73251,-275.81971,1335.2462,-733.00824,-384.37495,-783.82895,-320.66878,764.57679,1246.0247,-1993.1676,238.06851,521.56301,-318.12899,-265.72477
-6.7955689,1196.4777,19596.925,-22686.403,75.552288,10508.008,-10486.264,-469.45996,1132.096,-594.49285,-746.96428,-97475.515,97460.292,291.92607,-458.792,330.98767,70.866916,514.0617,79.176367,88.258548,289.19235,-256.09879,834.39389,-808.45298,-328.43066,-67.178147,9.8657761,204.87212,-11.602026,-58021.355,48243.8,9745.2228,-8885.2756,8789.4873
-672.03857,89.786039,847.178,12233.72,-11811.761,-478.12876,-107.53724,-93.130122,-538.74453,186.5096,-7907.1077,7955.6496,-1003.9737,1030.8251,-369.13893,-121.10342,486.46326,462.57694,53.400712,109.20636,341.08866,-245.88566,591.47003,-718.35924,38.357462,-209.43219,1755.7099,-1285.7146,-743.47442,-14666.19,14121.712,1057.3814,166.52338,-447.53549
-559.71668,-3248.8896,4029.7452,11534.865,-11630.593,9445.7343,-9510.0062,1384.5453,-1798.7842,-37225.977,36344.778,949.83027,-2015.0518,1970.3193,-586.57186,20.88291,632.82021,365.96241,114.15619,110.66368,1667.3348,11583.787,-12647.804,-689.20732,11.400873,1118.064,-1225.2077,4452.2731,-8421.9141,-3031.8419,-2856.7978,9930.5416,1023.6875,-1175.3651
-3814.4645,2558.3347,808.52079,56.306955,100.46706,10.137652,123.76659,387.36151,-811.35287,-84.799246,-1577.4601,1526.6142,-561.71561,514.5253,-2222.9122,2074.4296,242.66568,315.05389,213.68942,68.212862,766.50786,359.73848,-683.14893,-578.81694,1229.9911,-1304.992,0.013388089,-430.82744,-13564.88,8410.5134,-1458.6701,7135.5044,16.616091,-192.21464
73873.573,-87275.654,9397.6206,-662.67107,868.24976,-122.58396,2063.1452,-1857.7521,9148.3508,-9489.2739,-568.47473,144.67781,9.2344274,198.07329,-517.51388,751.57296,-168.70647,321.39782,406.43295,-94.885845,145.67159,-411.41717,426.75918,-333.40296,193.4833,-322.83276,-5003.2689,3286.9401,1599.1961,-3241.1515,2695.5568,921.98479,-246.5616,-321.16396
-6465.1681,-2610.7864,-220.08123,-37.616297,135.83536,1109.7347,-1227.778,9136.1887,-8605.1433,-362.92187,-356.35943,-1637.1066,1479.5293,322.72945,-213.2609,815.81485,-773.73136,358.4482,1037.8351,-785.23603,42.241187,-119.22062,167.85399,-68.088673,-201.82058,-209.0427,-1413.59,-9901.0387,11520.776,-3994.9179,3988.4441,-405.57525,240.08889,3.9272692
-19259.316,-3664.6774,23376.392,-23598.498,2097.9312,-1980.7635,-64.953546,103.54851,484.60978,967.23523,-1613.1012,-995.80959,808.47506,1452.9831,-1360.2484,2296.7197,-2315.9359,396.0214,3441.7492,-3630.6783,390.29623,15.08325,207.50486,904.69925,-1310.816,-1291.7249,548.03692,660.18002,183.96767,-1153.1216,1108.903,-2174.7973,1176.3046,694.10728
-8114.2441,-24652.071,33043.926,34719.945,-68357.103,4511094.6,-4346412,-164192.9,620.46773,28203.19,-28930.524,-395.31383,55584.124,-32644.25,-22654.232,12918.255,-12959.392,414.52546,11136.888,-4096239.1,4085253.9,-1242.012,-483916.67,485316.18,-315.20058,-205879.34,205030.44,806.43478,-259874.73,217456.1,42824.293,38743.057,5011.2131,-44416.552
-18536.211,28374.568,-28621.857,1286053.1,-1198207.2,-88059.362,156.2174,122.97237,390.28072,1492.5464,-2040.2028,-1054.0023,845.90725,1148.9184,-1033.9602,2382.87,-2402.5088,394.7898,3459.7248,-3613.8699,356.52941,10.076399,273.80784,1206.0361,-1667.6286,-1525.6865,913.81693,550.5909,167.12939,-961.79321,453.01865,539.53091,-8929.9204,-1521.5467
1059.0335,-2069.5443,145.78676,398.21811,15631.727,-16112.911,67.800091,235.51188,-111.02944,127.85729,-430.3823,-806.17284,458.46589,446.33735,-196.62931,458.15118,-368.32303,323.62509,841.71191,-589.44463,177.29303,-190.23878,740.66159,-330.02539,-502.57382,-399.48533,5.3955149,821.74418,-372.85491,-290.73442,35.170645,115.7556,-8487.5391,-1506.6479
-2278.2107,162.26636,-210.47124,1316.6696,2154.8315,-2977.7966,1650.7072,-2219.2973,-49.275407,326.42589,-340.90737,71.311826,-526.5239,508.27356,-1109.6849,1214.6819,-16.495878,197.80053,483.76546,-29.870754,656.19293,-759.812,825.7774,-857.64543,348.86523,-603.54881,-3568.9698,3770.408,-1952.3744,1702.2193,-54.699506,-2304.6104,-6528.8969,9159.1409
-776.13838,1791.194,-921.17615,-8353.7255,10696.198,11796.818,-12947.905,-854.78457,-1597.4379,2142.4261,-235.83012,67.775359,-705.03968,541.99884,-213.7772,342.81479,109.46537,53.455985,462.45085,490.19557,-119.33388,-373.60137,1232.2249,-1218.0222,9436.5003,-9400.3219,227.64029,-569.0293,-81.841941,-87.077343,-2849.7362,2207.977,1541.3376,-4474.9206
-4198.0191,0.15817743,2461.7466,621.40103,-13748.637,10578.739,2600.2372,-2597.4791,-111.70275,1879.995,-1751.4617,-119.93627,-645.45153,7441.6758,-6961.8524,98.771255,134.48574,-25.364606,502.1166,1243.4698,-1218.9007,-23.72893,4838.6187,-4290.0143,524.71245,15843.421,-16576.988,-1755.99,1102.1572,-57146.564,-254237.37,316568.94,-1855.758,5675.6648
-15442.29,3.890119,1432.3023,-1113.6301,-376.0293,-483.01859,811.24059,-50.6206,-942.01572,695.95485,-278.61969,104.10535,-592.55335,312.59703,102.8921,115.8703,88.631994,49.341472,465.45758,775.58803,-783.7667,-14.712957,2149.4287,3098.1456,-3074.6546,-2084.9962,-356.44526,-139.9232,138.51039,3101.6296,38321.799,-36793.481,-5116.5144,230818.17
-4053.1979,33.595436,-4.7877918,7.6238114,-44.395452,28.220372,-279.64344,-103.05087,416.55032,652.31186,-37326.485,36342.087,-1229.7898,1072.6906,11.631705,108.09261,42.940688,297.69773,234.82689,275.76153,-211.39392,-40.694727,1125.6738,698.56417,-924.37816,-1943.141,-1961.0427,2871.4086,-127.14016,129.20108,1296.7607,-1631.2062,155.04634,46.199239
4997.8834,-6046.769,-59.197688,-13.258324,76.81801,-63.503257,12.018163,-577.50966,951.45886,304.52844,-2081.9359,869.91835,-1671.2274,1812.8269,-46.99786,-65.73906,146.83946,589.92481,-91.877394,186.42867,-10.288398,-50.11387,785.90594,-602.46341,-3197.1337,2285.5265,-501.80811,1080.4695,97.556635,-372.4295,265.80702,-1073.9494,903.31027,13.370982
94.582947,-24999.724,24775.667,162.42245,-12746.867,12735.101,-9.7332906,-231.26629,-884.00734,515.83548,-1428.2743,-27753.262,29167.938,292.68908,-38.887785,-700.49482,724.48205,646.21049,-168.68898,164.77488,59.846133,-200.04148,748.82237,-623.46971,-915.46958,648.81297,133.88178,7244.5475,-7353.9387,29.252501,597.05607,-1856.1304,409.42724,810.7346
126.51291,-1328.3733,-3059.7586,5737.7118,92235.889,-35182.72,-58485.123,1059.7519,-1701.0841,-14187.038,13268.369,621.80085,-3250.2254,3877.6775,-23.298281,-1216.8418,1239.6469,501.50599,-24.628646,134.73929,98.38935,-10089.96,10568.45,-642.51941,-120.01094,-1231.0602,1338.9892,-121.41848,-2191.7718,2227.0647,141561.82,-143678.97,-29471.871,31497.274
19640.757,-18362.836,-2325.61,1314.7431,70754.516,-70903.223,-92.939214,326.02266,-419.86503,-267.60571,-1803.5631,1441.0049,-21560.011,21958.539,-242.42382,-338.69676,600.66616,384.62169,136.98902,83.791525,420.20646,-129.89524,385.72478,-781.61932,483.83913,-612.57423,414.02909,-334.36353,-1868.6483,53.369115,1167.1906,-5695.2707,6361.0396,-137.51642
-348.49858,-5205.4509,-53212.556,58397.141,-368.6747,27.96308,713.569,-759.10923,7911.537,-8002.7039,-796.79388,-321.28376,-2933.2114,3892.0107,-1326.8875,1292.0602,49.850971,355.54487,315.72287,-32.645906,383.31808,-223.38542,508.06111,-823.2817,319.76142,-487.31992,-1.7195118,-37.29562,-4140.7353,3860.8124,614.41168,-1304.1432,1063.7234,-58.238174
-614.61152,5132.8025,139894.17,-144814.97,-178.90946,61.78432,0.5542798,174.05268,16.245713,-96.490911,-431.01606,-1981.9915,846.74215,1198.8984,-193.81492,687.12227,-496.19923,374.65097,801.06172,-443.22895,-45.636311,54.411567,201.85866,-391.22102,-98.969732,-248.6567,-124.16534,-76806.374,76973.359,348.86726,28788.077,-29286.985,230.57635,-685.99329
-2767.8722,1608.8557,-1791.0831,-175.09537,-1.256428,12109.886,-12258.637,200.93552,312.92464,1173.5239,-1681.1717,-754.25601,1116.6245,-365.86285,-91.202993,2583.1674,-2599.9142,401.98906,3605.0263,-3315.4529,-97.113556,153.02992,-74.782315,756.92292,-1012.2731,-904.27513,271.75207,534.00009,43.933713,301.31898,12422.459,-13119.248,-35985.178,36239.464
1762.7849,1940.2902,-4208.6063,6677.6755,-6708.7744,-337.8342,1070.3393,-739.43195,684.57969,24907.205,-25701.233,-386.15616,56078.397,-31165.667,-24641.41,12699.991,-12740.149,415.82774,10917.622,-2391853.3,2381086.9,-1274.611,-605052.77,606480.18,-313.25796,-57368.559,56479.246,840.06069,-1732.603,2015.5424,-168.5346,16334.727,-16597.939,-7851.8837
1358.2519,-4940.1276,987.44126,6288.9255,-7191.0951,-177.19357,50.302455,1477.3392,-1247.296,813.52336,-1108.9889,-2339.5245,1469.8195,847.95542,-106.68357,666.95831,-578.79009,373.44934,1223.2981,-849.71676,-57.911947,-73.172717,1990.4628,-1011.8507,-1144.8301,-977.2837,718.14818,482.60347,-86.307483,59.721967,-290.36773,-1104.1823,-263.50081,848.8935
-3304.3144,323.95099,-230.51143,157.74664,54.70624,-106.3249,-8481.754,8553.0723,-91.355849,263.04241,-544.96467,-457.40184,-331.88856,807.97936,-1079.5664,1197.8445,-82.8246,275.65684,573.64647,-223.27574,593.85679,-632.15866,970.93738,3426.9557,-4457.8487,-704.69722,392.17451,444.10961,-192.54512,-950.19658,777.22534,-374.21809,-590.89075,-61934.642
-63734.027,64417.995,4078.6975,-4261.2832,9558.5451,27464.87,-36950.955,3.5386991,181.00005,6.3382185,-17.884265,-370.00164,-779.67101,797.41728,-251.77705,287.41118,88.391719,79.733021,513.4655,72.236883,332.46823,-461.44699,252.15799,50055.399,-50020.777,-732.3642,-815.35805,1335.5596,-472.51645,-3653.3606,3688.0273,135.97077,-13380.468,11642.643
-285.46181,6.6069665,1962.7133,-286.36699,-4386.4332,2491.0533,223.78391,-6207.313,6102.6998,114.9955,423.48432,-684.37837,-619.37044,737.35606,-195.26988,59.9435,164.4873,-168.81494,645.99003,734.75009,-709.98963,-38.490886,323.47075,12774.322,-11405.401,-1447.6546,523.33046,-864.25926,-223.55279,140.53642,16413.076,-15598.838,-1294.454,11506.605
-1530.9263,8.4894368,1694.6123,-1110.1547,-1246.7086,93.948771,3188.8622,-2564.1742,1072.9357,-541.67709,-484.27128,-329.73895,-404.88995,14180.273,-13874.1,72.685979,150.07012,-276.94422,742.16971,1726.4174,-1754.1828,-9.8806975,3999.7832,-1092.0513,69.155492,1024.5752,-3333.9914,-1780.4873,842.75927,2359.8139,-1148.7538,16816.087,-19652.719,-22840.788
-1175.1584,2948.5799,-2763.2849,-23.135313,-330.73993,-1499.769,1602.1503,33478.39,-33453.934,-1064.2141,3425.8109,-2569.5652,-274.91411,104.5937,88.234464,72.556729,106.28983,-30.867525,508.96295,733.98739,-727.4861,-34.074788,810.2386,3890.768,-904.77778,-4155.8578,255.9443,-227.97706,105.02924,1401.7502,1867.1189,-3457.9924,-3585.6122,3657.0232
122.87527,-294.52888,58.902551,34.33777,-243.05832,275.05947,508.46752,-1318.3532,789.12527,3869.5643,-4229.6219,-116.39453,-275.72052,257.91157,29.269627,-124.98248,232.63116,537.7708,-124.08732,331.63443,-183.45316,-53.900571,489.4129,372.92333,-7905.5255,-21379.67,27608.039,672.56626,127.13392,125.60174,491.64212,-927.30328,-207.33372,254.05359
-522.81548,-10.029841,8743.7164,-8723.2997,-357.43584,261.55339,-8.3440913,-333.94483,-629.24331,306.69923,-1713.5717,1324.022,-420.11324,1165.0683,-8.1841816,-1028.8302,1048.76,935.14501,-523.68907,227.80345,6.9485767,-185.22651,522.71363,-303.9405,-2208.2799,-699.08318,2403.2628,19.745119,230.99777,3419.8284,-2640.363,-932.03318,-157.92432,-700.69653
78.867648,11064.66,-9364.2954,-4098.9129,-1349.416,3360.143,346.50071,813.83563,-1752.555,-3258.7322,-610.21193,1706.0652,-925.3261,3757.984,-10.562196,-1751.6652,1722.5231,741.20056,-275.14067,150.53236,72.826307,-15788.248,16090.13,-399.23715,-324.96712,-1351.6803,231.88141,1151.7868,-2321.9812,2855.0446,886.05472,-1607.9715,-1489.7826,1740.6491
-104.57151,-75575.761,76210.754,-1162.4916,-22585.602,21231.965,1819.3418,167.78071,-230.98702,-345.33223,-2061.9455,-4173.8965,4135.4874,2244.565,-14.583162,-791.28237,781.64759,464.61614,50.498103,88.945342,115.30369,94.005007,307.03638,-577.10791,198.83752,-379.56083,1010.7231,-1221.2151,-208.88316,824.52195,-125.17112,-2024.9597,574.40306,1149.7325
-69333.482,-3672.7003,762.43842,-4408.1638,3268.2173,-2124.2908,2149.717,-161.39957,6434.9925,-6319.9894,-1181.974,-11131.105,9954.1494,2098.2811,-237.28555,19.414003,212.45562,352.30544,258.2606,3.8408062,504.64055,-362.37598,1911.7448,-2153.5834,1498.7224,-1805.8972,205.5405,-8851.3032,8955.7779,-15014.334,13313.728,1489.9396,-1598.6005,1606.2753
1554.3144,68272.044,2036.7782,-71550.462,-529.96785,-2.2701709,2397.1633,-2525.2982,389.26266,-73.787302,-618.76495,-8613.9264,6883.3217,1924.3007,-1184.522,1268.662,-89.399955,348.71324,499.0541,-183.9006,456.32943,-446.67072,7487.3876,-7625.6694,-20.966742,-472.71396,291.02997,-1059.8161,504.93028,937.54418,-445.89091,78.352417,-74.732751,-142.19933
14229.099,-14839.106,7119.4695,-5984.958,-1294.0848,-193.97565,78.703652,4617.3007,-4402.026,661.89762,-943.90325,-2212.6092,1350.971,836.4612,-110.63839,652.15175,-558.98126,373.41721,1229.6323,-859.07374,-51.975778,-75.377521,2166.1857,-1328.5175,-1005.5835,-839.41548,628.72183,700.32438,-503.31368,234.92569,-323.29111,-1048.2718,-3007.936,3611.9382
-4532.7019,4387.3525,66.183532,-425.30128,672.31435,841.16818,-9203.8292,7864.8138,722.98404,-270.70803,-790.90738,-319.50699,-756.42856,1275.3853,-272.6506,237.44355,80.356736,220.75671,425.23989,-49.317465,539.91862,-505.09882,16462.001,-16535.865,91.014846,-1066.9108,611.34885,487.92793,-227665.99,226919.35,150.36685,268.89408,-359.64415,-4042.2171
-1513.7033,19.00023,75.560972,2071.0872,-2656.4259,555.185,-259.24338,98.627945,1015.5458,-449.15553,3684.7398,-4591.0765,-594.65733,767.68094,-48.317099,-10.146932,186.35182,-90.320365,588.26,149.22707,-67.943385,-46.888057,1444.4615,-1282.4344,666.00559,-1853.4855,127.43867,1078.656,-549.60462,11.536161,188.12778,-118.84032,-87.468404,-104.37654
-1790.5876,440411.08,-440022.81,-322.99971,-1465.6757,-3457.6093,4778.401,277.96361,-38.568818,2115.6334,-684.89782,-1922.3658,-310.9893,519.90464,-180.39241,7.0196468,227.17323,-522.74839,933.51395,1071.6185,-1050.4464,-7.6252815,1223.5195,-391.0673,1423.183,-1942.9097,354.6562,-647.52537,-312.28229,164.21084,1071.4422,-1313.7732,-9444.735,9399.9574
-2155.3394,902.3587,888.61999,-1802.8298,-561.13352,-1490.496,6725.5738,-4067.4081,146.06734,-739.50774,23790.57,-24070.127,-183.08227,1944.6288,-1793.8884,36.527505,193.97618,-607.38671,1015.8309,1762.6425,-1752.6632,-33.132356,9929.5158,-9080.8443,1830.0066,-944.47164,-910.26191,-1900.4262,851.17327,1289.5366,-877.40812,7962.7572,-8416.7873,-7001.8102
-196.45599,125.6057,-172.82124,2.1675815,-193.86608,1476.0832,-1528.2682,-69.43591,55.614891,433.30899,281.31388,-567.86886,-257.47265,76.374182,-4.6183357,-188.7016,388.30703,-10.371013,368.0952,676.04229,-588.6046,-63.620228,257.3411,26520.733,-23632.011,-4878.8515,1437.1359,-101.44725,330.11243,1705.4248,325.89557,-2207.6961,22.02829,-106.02196
251.07259,-244.72744,-108.25004,6.3350136,-366.64288,327.11209,109.34901,-464.14345,418.85971,613.25361,-1115.4193,7813.9643,-7698.9225,78.700525,-15.285556,-1539.8423,1662.5855,910.85508,-609.71408,374.01799,-152.78141,-179.78097,332.94828,565.7222,-1457.3466,-619.89655,817.7491,54.27079,6293.7746,2097.3259,-7068.6094,-1129.1139,4.6468678,-148.17388
104925.29,4635.5944,-4683.5305,-3138.4201,2043.3093,732.80217,324.05983,790.20433,-1788.6216,-1073.7007,-693.24147,1654.8878,-7040.8343,7924.0266,-33.740674,-1757.2664,1763.3614,1018.0275,-606.94375,194.24657,37.662842,-1929.296,2075.6002,-176.07998,-24389.582,24095.805,-706.24439,161.22445,-3721.1721,5970.6189,-657.82164,-1019.1141,-814.88035,-131.44597
-23.97706,79.657165,378.00276,-392.10248,-1260.5276,-4581.2982,5677.2975,120.04281,-254.13494,224.12629,-4966.9072,-145.71208,3984.0613,819.66103,-34.592138,-736.48504,740.46488,509.19779,-29.368296,106.26693,73.569001,75.066305,110.26775,-267.50313,-2256.8814,3754.2461,-1729.0405,-30335.364,30162.489,1588.232,-1120.3991,-345.09181,-339.48749,-4825.8359
5678.461,-5867.0701,45.201626,1914.2459,-14558.099,12492.424,70.927503,-117.34022,2688.7009,-1682.6351,-2027.2094,-855.39736,619.5491,1135.0446,-40.236972,-214.58186,277.06773,235.40303,297.99484,43.019916,107.49436,8.6162397,1005.3212,-1158.9774,25337.211,-26291.641,588.04818,336.02348,49.396003,-102.5859,-92.350676,-1131.6589,982.30281,11.395886
-274.95846,-327.31633,89.647051,-718.4881,711.04791,0.7871538,157.96446,-503.49545,850.38658,-384.708,-781.49653,-351.39356,-714.88721,1272.2652,-263.84351,227.106,80.644578,220.64834,425.94198,-49.105533,526.21183,-492.82883,25913.959,-25990.186,115.09664,-1019.3795,566.27035,447.43008,-3441.3189,2897.7496,-1372.5368,1574.601,-320.40678,27.382624
-394.39045,52.063448,436.12791,-424.2774,-1692.555,796.40683,-399.32463,1146.263,663.40896,29285.677,-21018.752,-9912.1129,338.1869,488.47025,-53.15523,-184.29534,332.09522,-120.71015,535.00188,237.44883,-129.71103,29.641476,243.73007,-268.4442,248.58267,-3906.5287,3121.0808,835.43993,-877.31221,210.39327,298.65802,-325.93614,-13.139227,47.540166
-836.18294,221.87884,-240.4657,4.646549,-1414.6389,-21261.529,14785.3,8104.7224,44.495429,624.675,-228.90792,-1617.3291,515.28275,334.20592,-176.68098,-154.67274,373.66687,-604.2192,905.53189,1717.5622,-1592.6234,-14.508237,83.255753,-7890.095,7979.1058,-617.09009,287.91666,238.76367,-348.08605,268.23485,956.60608,-1238.0452,1.3353387,-132.67646
-1727.5752,628.23176,-680.12289,14.034723,-413.34026,-3649.5476,38394.946,-36009.713,7446.4489,-5820.1083,-282.00113,3807.2171,-3802.4618,865.63948,-823.62679,-581.6454,800.82717,-543.53581,782.44295,1637.0882,-1463.253,-67.561185,-625.88216,906.43932,1149.6206,-277.40422,-13517.73,11121.935,1209.4343,659.03146,-722.88452,2271.7007,-2381.9165,-4325.5338
1170.2915,-1068.7506,-259.01988,20.346479,-306.30886,284.52205,2605.5048,-3783.2372,71.23188,657.0494,-117.73528,1072.602,-667.29691,16.904038,-125.82585,-4013.9266,4297.0307,136.43869,62.063769,868.65978,-722.83541,-205.58862,175.93101,913.62066,928.85049,-1500.0803,-1074.6852,-2530.4554,8096.4067,-3293.4686,-686.9397,-1119.3071,26.079674,-198.88881
118419.16,3447.2944,-3578.6506,-1922.6656,1676.1386,-73.790031,207.89518,952.77705,29758.093,-31970.749,-263.82995,1151.4518,925.97493,-648.41997,-68.184985,-1470.6128,1634.3475,796.64683,-552.06957,791.48157,-567.78344,-868.24907,906.43802,-3757.3225,3771.7767,-278.4118,-4678.9863,4195.8883,-54412.16,71563.884,-16031.081,-697.727,13.759851,-667.41796
-114.09019,201.34895,-172.65096,15.326435,-942.64761,-2967.2317,3728.6385,314.91209,-35.456233,1103.3394,-4717.7558,-24732.482,27755.62,257.77433,-63.54535,-595.34659,675.07871,374.32029,-11.07385,386.75382,-184.61235,-17.720725,84.852743,-255.86586,-627.58421,331.64418,349.25002,-1838.3045,2373.4108,-806.34549,468.47207,-355.66763,2.7195971,-352.42996
-230.73981,98.795346,1025.6198,-1044.9875,-1753.7015,1388.2795,107.54155,72.25568,647.72035,34281.722,-28365.719,-7564.9565,396.00365,488.12767,-53.315833,-184.86723,329.24965,-121.90084,538.31594,233.04029,-123.92298,24.365813,244.01754,-257.784,258.92968,-3476.3284,2664.9648,760.66795,-2342.7161,1681.9137,317.20897,-224.32125,-557.31501,508.98458
-462.09164,369.36016,-216.32162,19.024537,-980.33792,-937.18132,-6623.8427,12755.823,-3787.1788,-882.51104,-1517.2414,793.44478,912.09848,184.89375,-206.69828,-739.50127,875.4634,71.80985,135.32618,4545.5259,-4260.9116,-120.07372,-10.874052,-668.84686,1068.3977,295.11559,64.362797,-147.32492,-2320.727,1878.4176,322.15376,-649.49214,16.587774,-269.25602
-26.758405,392.47292,-576.13452,43.45654,474.74813,192409.43,-193146.52,-1031.9387,1496.6099,-1266.4618,-269.46632,953.79694,457.41884,486.27617,-872.38612,-9692.4043,9634.4188,219.45659,334.35708,2256.4337,-2135.2357,-353.00544,-2663.5138,3079.4175,2485.1079,405.83319,-4971.0173,2972.3025,15666.173,-16676.251,-383.32738,-2068.8925,2241.8814,-3313.9776
-22735.936,2506.9699,-2896.3857,2068.7727,-1861.1346,-188.25076,1428.9022,-1967.837,999.09752,-3398.5822,132.0106,2451.0524,2931.5693,-2507.1786,-354.08517,-2158.6469,2263.0923,354.18651,196.1617,9304.3019,-9342.0594,-902.54163,509.00672,456.45436,1053.7156,98.083569,-4031.2329,8368.2606,-4497.4438,-58278.33,56637.888,281.10129,40.349647,-657.42032
-4284.3848,4474.5621,-355.55186,22.587361,-579.33527,-1625.7809,-459.67744,4290.664,-1258.9457,-990.55127,-1428.2769,962.04042,827.1938,169.93606,-200.10611,-728.52722,860.5712,74.451358,128.8277,4340.2119,-4047.7782,-139.36391,30.757262,-728.37193,1127.758,-294.25657,836.67528,-840.58375,-2181.605,2168.1857,274.8651,-539.23435,13.505382,-555.8925
-2122.5317,-1014.6071,-4011.1945,5730.0029,1104038.9,-1106708.9,-2497.7764,28254.169,-32590.421,-519615.77,491612.99,31464.106,188714.98,-187414.33,-1250.6787,-32799.743,31042.338,2060.2023,2059.2958,29410.591,-31161.117,-1327.5035,-170328.45,171697.61,-62369.873,159654.57,-92450.454,-122435.84,116992.99,-2167.9081,-4366874.4,4363645.1,5701.9307,-5047.6281
