         0
    0.0503
    0.1005
    0.1508
    0.2010
    0.2513
    0.3015
    0.3518
    0.4020
    0.4523
    0.5025
    0.5528
    0.6030
    0.6533
    0.7035
    0.7538
    0.8040
    0.8543
    0.9045
    0.9548
    1.0050
    1.0553
    1.1055
    1.1558
    1.2060
    1.2563
    1.3065
    1.3568
    1.4070
    1.4573
    1.5075
    1.5578
    1.6080
    1.6583
    1.7085
    1.7588
    1.8090
    1.8593
    1.9095
    1.9598
    2.0101
    2.0603
    2.1106
    2.1608
    2.2111
    2.2613
    2.3116
    2.3618
    2.4121
    2.4623
    2.5126
    2.5628
    2.6131
    2.6633
    2.7136
    2.7638
    2.8141
    2.8643
    2.9146
    2.9648
    3.0151
    3.0653
    3.1156
    3.1658
    3.2161
    3.2663
    3.3166
    3.3668
    3.4171
    3.4673
    3.5176
    3.5678
    3.6181
    3.6683
    3.7186
    3.7688
    3.8191
    3.8693
    3.9196
    3.9698
    4.0201
    4.0704
    4.1206
    4.1709
    4.2211
    4.2714
    4.3216
    4.3719
    4.4221
    4.4724
    4.5226
    4.5729
    4.6231
    4.6734
    4.7236
    4.7739
    4.8241
    4.8744
    4.9246
    4.9749
    5.0251
    5.0754
    5.1256
    5.1759
    5.2261
    5.2764
    5.3266
    5.3769
    5.4271
    5.4774
    5.5276
    5.5779
    5.6281
    5.6784
    5.7286
    5.7789
    5.8291
    5.8794
    5.9296
    5.9799
    6.0302
    6.0804
    6.1307
    6.1809
    6.2312
    6.2814
    6.3317
    6.3819
    6.4322
    6.4824
    6.5327
    6.5829
    6.6332
    6.6834
    6.7337
    6.7839
    6.8342
    6.8844
    6.9347
    6.9849
    7.0352
    7.0854
    7.1357
    7.1859
    7.2362
    7.2864
    7.3367
    7.3869
    7.4372
    7.4874
    7.5377
    7.5879
    7.6382
    7.6884
    7.7387
    7.7889
    7.8392
    7.8894
    7.9397
    7.9899
    8.0402
    8.0905
    8.1407
    8.1910
    8.2412
    8.2915
    8.3417
    8.3920
    8.4422
    8.4925
    8.5427
    8.5930
    8.6432
    8.6935
    8.7437
    8.7940
    8.8442
    8.8945
    8.9447
    8.9950
    9.0452
    9.0955
    9.1457
    9.1960
    9.2462
    9.2965
    9.3467
    9.3970
    9.4472
    9.4975
    9.5477
    9.5980
    9.6482
    9.6985
    9.7487
    9.7990
    9.8492
    9.8995
    9.9497
   10.0000
